source_id,ra,dec,name,proper_motion_ra,proper_motion_ra_unc,proper_motion_dec,proper_motion_dec_unc,publication_id
464,000.92612,-28.37806,2MASS J00034227-2822410,0.257,0.016,-0.145,0.018,290
,001.58542,-17.34739,2MASSI J0006205-172051,-0.032,0.017,0.017,0.018,290
468,002.50037,-20.52006,2MASS J00100009-2031122,0.100,0.022,0.007,0.023,290
,003.49079,-22.58889,2MASSI J0013578-223520,0.055,0.017,-0.051,0.019,290
,003.73229,-48.73808,2MASS J00145575-4844171,0.851,0.012,0.289,0.018,290
143,004.24804,-40.94836,2MASS J00165953-4056541,0.201,0.014,0.032,0.018,290
,008.23267,-44.08494,EROS-MP J0032-4405,0.126,0.015,-0.099,0.021,290
593,008.34942,-15.35858,2MASS J00332386-1521309,0.291,0.016,0.043,0.017,290
332,009.42942,-58.77303,2MASS J00374306-5846229,0.049,0.010,-0.051,0.020,290
,012.60183,-15.63844,SIPS J0050-1538,-0.229,0.018,-0.494,0.019,290
583,012.79492,-15.73803,2MASSW J0051107-154417,0.043,0.015,-0.021,0.016,290
100,013.32912,-36.51950,2MASS J00531899-3631102,0.018,0.015,-0.085,0.019,290
,013.52729,-0.51717,SDSSp J005406.55-003101.8,0.200,0.009,-0.160,0.009,290
,016.03125,-0.89119,2MASSI J0104075-005328,0.473,0.018,-0.021,0.018,290
620,016.59521,-59.55514,2MASS J01062285-5933185,0.046,0.010,-0.198,0.020,290
87,016.81696,-15.29936,2MASS J01071607-1517577,-0.031,0.016,0.011,0.017,290
686,016.96842,+0.69897,SDSSp J010752.33+004156.1,0.612,0.020,0.078,0.020,290
,017.28825,-49.91478,SSSPM J0109-4955,0.095,0.013,0.168,0.020,290
,019.22737,-13.95950,2MASS J01165457-1357342,-0.026,0.022,-0.110,0.022,290
317,019.44783,-34.05717,2MASSI J0117474-340325,0.080,0.017,-0.062,0.020,290
29,021.19162,-57.76053,2MASS J01244599-5745379,-0.003,0.010,0.018,0.019,290
,021.40371,-34.58469,2MASSI J0125369-343505,0.151,0.016,0.036,0.019,290
184,022.64846,-44.76142,2MASS J01303563-4445411,0.120,0.014,-0.025,0.020,290
,022.82658,+38.03206,2MASS J01311838+3801554,0.373,0.012,-0.031,0.015,290
,023.89942,+12.08933,2MASSW J0135358+120522,-0.042,0.023,-0.422,0.023,290
736,025.26337,+18.08061,2MASSW J0141032+180450,0.403,0.011,-0.045,0.012,290
258,025.31162,-24.29197,2MASS J01411479-2417311,-0.161,0.017,-0.303,0.019,290
183,025.49262,-46.56594,2MASS J01415823-4633574,0.104,0.017,-0.026,0.024,290
260,026.14733,-7.27061,2MASS J01443536-0716142,0.395,0.018,-0.204,0.018,290
282,026.50496,-45.75731,2MASS J01460119-4545263,0.121,0.016,0.060,0.023,290
,026.88933,+34.88644,2MASSW J0147334+345311,0.037,0.009,-0.055,0.011,290
,028.76475,+9.83342,2MASS J01550354+0950003,0.338,0.023,-0.080,0.023,290
,031.09217,-36.54189,2MASS J02042212-3632308,0.193,0.017,-0.034,0.021,290
134,031.26433,+12.86172,2MASSW J0205034+125142,0.349,0.011,-0.018,0.011,290
,031.53667,+22.59981,SDSS J020608.97+223559.2,0.341,0.015,-0.062,0.016,290
,031.89821,+13.93233,SDSS J020735.60+135556.3,0.260,0.017,-0.161,0.018,290
307,032.07637,+25.71481,2MASSW J0208183+254253,0.356,0.010,-0.021,0.011,290
174,032.09846,+27.62778,2MASSW J0208236+273740,0.217,0.013,-0.110,0.014,290
,032.22912,+25.01356,2MASSW J0208549+250048,-0.022,0.011,0.060,0.012,290
,032.86779,+14.16775,SDSS J021128.25+141003.8,-0.092,0.010,-0.030,0.010,290
190,034.62137,-31.55639,2MASSI J0218291-313322,-0.165,0.015,-0.138,0.018,290
472,034.84150,+5.10850,2MASS J02192196+0506306,0.190,0.024,0.005,0.024,290
296,035.36858,-68.52778,2MASS J02212859-6831400,0.046,0.006,-0.006,0.017,290
476,035.47912,-54.20150,2MASS J02215494-5412054,0.136,0.010,-0.010,0.017,290
731,035.97692,-58.25186,2MASS J02235464-5815067,0.134,0.010,0.005,0.019,290
732,036.32838,-58.62486,2MASS J02251947-5837295,0.085,0.010,-0.030,0.018,290
733,036.79317,-16.41331,2MASS J02271036-1624479,0.426,0.016,-0.297,0.017,290
,037.17679,+16.65914,2MASS J02284243+1639329,0.422,0.020,-0.412,0.021,290
,037.18146,-63.41811,2MASS J02284355-6325052,0.593,0.010,0.458,0.023,290
833,037.56462,+27.06836,2MASS J02301551+2704061,0.189,0.008,-0.007,0.010,290
,038.94817,-8.82217,SDSS J023547.56-084919.8,-0.044,0.013,0.013,0.013,290
615,039.07475,+0.81522,SDSSp J023617.93+004855.0,0.123,0.012,-0.176,0.012,290
693,039.92687,-17.59642,2MASSI J0239424-173547,0.042,0.017,-0.095,0.018,290
99,040.47362,-12.68525,2MASSI J0241536-124106,0.312,0.016,-0.040,0.017,290
,040.68146,+16.12756,2MASSW J0242435+160739,0.152,0.011,-0.210,0.012,290
,040.96262,-54.53872,2MASS J02435103-5432194,0.096,0.011,-0.026,0.019,290
1429,041.95742,-16.52033,SDSS J024749.90-163112.6,0.313,0.017,0.143,0.017,290
,044.00787,+1.17964,SDSS J025601.86+011047.2,0.025,0.015,-0.068,0.015,290
,044.35754,-31.09786,2MASS J02572581-3105523,0.602,0.018,0.320,0.021,290
,045.50508,+13.97061,2MASSI J0302012+135814,0.055,0.015,-0.037,0.016,290
,045.83846,-0.16050,SDSSp J030321.24-000938.2,0.025,0.017,-0.023,0.017,290
,046.61183,+15.75381,2MASSW J0306268+154514,0.212,0.017,-0.071,0.018,290
,047.28700,-19.82742,2MASSW J0309088-194938,0.184,0.016,-0.038,0.017,290
,047.50221,+7.44739,2MASS J03100053+0726506,0.539,0.022,0.254,0.022,290
326,047.55837,-27.94589,2MASS J03101401-2756452,-0.116,0.016,-0.052,0.018,290
,047.74942,+16.80431,2MASSW J0310599+164816,-0.706,0.019,0.119,0.020,290
,048.43512,+4.55458,2MASS J03134443+0433165,-0.049,0.022,0.006,0.022,290
578,048.51433,+16.05156,2MASS J03140344+1603056,-0.241,0.018,-0.076,0.019,290
327,048.66712,-4.84211,2MASS J03144011-0450316,-0.068,0.018,-0.119,0.018,290
328,049.18800,-28.81447,2MASSI J0316451-284852,0.107,0.017,-0.081,0.019,290
330,049.72512,-34.35811,2MASS J03185403-3421292,0.365,0.016,0.017,0.019,290
331,050.07167,-10.43678,2MASS J03201720-1026124,0.013,0.018,-0.100,0.018,290
,050.11829,-4.77661,2MASSW J0320284-044636,-0.267,0.016,-0.533,0.016,290
577,050.79175,-46.52325,2MASS J03231002-4631237,0.060,0.013,-0.010,0.019,290
,051.25567,+22.88442,2MASS J03250136+2253039,0.405,0.013,-0.146,0.014,290
1295,051.47175,+4.42794,SDSS J032553.17+042540.1,-0.183,0.014,-0.099,0.014,290
872,051.67604,-21.03492,2MASS J03264225-2102057,0.108,0.014,-0.146,0.015,290
589,051.92046,-31.80433,2MASS J03274091-3148156,0.038,0.017,0.018,0.020,290
,052.07242,+0.54922,SDSSp J032817.38+003257.2,0.195,0.013,0.033,0.013,290
,052.57392,+0.01325,SDSSp J033017.77+000047.8,-0.011,0.018,-0.046,0.018,290
406,052.64629,-0.42628,SDSSp J033035.13-002534.5,0.394,0.015,-0.336,0.015,290
,053.00179,-23.29711,2MASS J03320043-2317496,-0.013,0.020,-0.153,0.022,290
63,053.55017,-49.89228,2MASS J03341218-4953322,2.308,0.012,0.480,0.019,290
,053.93896,+6.96828,2MASS J03354535+0658058,0.029,0.021,-0.333,0.021,290
252,054.26496,-17.96886,2MASSW J0337036-175807,0.191,0.031,0.115,0.033,290
,055.03925,-67.40142,2MASS J03400942-6724051,-0.318,0.007,0.508,0.018,290
156,055.56754,-68.29225,2MASS J03421621-6817321,0.064,0.007,0.021,0.018,290
,057.70254,-5.30350,SDSS J035048.62-051812.8,0.012,0.022,-0.028,0.022,290
1385,057.76763,+48.17992,SDSS J035104.37+481046.8,0.312,0.019,-0.180,0.029,290
,058.70229,-0.46167,SDSS J035448.73-002742.1,-0.011,0.022,-0.019,0.022,290
351,058.76987,-10.54486,2MASS J03550477-1032415,0.046,0.018,-0.044,0.019,290
700,058.84737,+11.56214,2MASS J03552337+1133437,0.192,0.017,-0.613,0.017,290
,058.92463,+22.95044,2MASSW J0355419+225702,0.146,0.014,-0.025,0.016,290
,059.33792,-6.69056,SDSS J035721.11-064126.0,0.109,0.012,0.008,0.012,290
225,059.36229,-44.29181,DENIS-P J035726.9-441730,0.064,0.013,-0.020,0.019,290
223,059.59396,-41.26833,2MASS J03582255-4116060,0.051,0.015,0.075,0.020,290
222,060.37404,-40.84578,2MASS J04012977-4050448,-0.036,0.015,-0.102,0.020,290
229,061.78133,+15.77936,2MASS J04070752+1546457,0.049,0.019,-0.044,0.020,290
1386,061.78687,+15.24903,2MASS J04070885+1514565,0.106,0.016,-0.110,0.017,290
,062.04300,+7.71372,2MASS J04081032+0742494,0.162,0.020,0.095,0.020,290
51,062.12104,-14.84261,2MASSI J0408290-145033,0.188,0.017,-0.131,0.018,290
,062.28958,+21.07758,2MASSI J0409095+210439,0.094,0.015,-0.145,0.016,290
,063.33496,-1.24022,SDSSp J041320.38-011424.9,0.070,0.017,0.001,0.017,290
542,064.44762,-21.48864,2MASS J04174743-2129191,0.072,0.017,0.022,0.018,290
,065.27992,-63.10061,2MASS J04210718-6306022,0.146,0.008,0.191,0.018,290
,066.78012,+8.98408,2MASS J04270723+0859027,-0.121,0.021,-0.005,0.021,290
348,067.21233,-22.88964,2MASSI J0428510-225323,0.113,0.012,0.155,0.013,290
608,067.71487,-8.81686,2MASS J04305157-0849007,-0.021,0.017,-0.171,0.018,290
756,068.81062,-14.24633,2MASS J04351455-1414468,0.009,0.014,0.016,0.014,290
760,069.11529,+11.85675,2MASS J04362767+1151243,0.117,0.020,-0.009,0.020,290
759,069.11617,-41.24625,2MASS J04362788-4114465,0.073,0.012,0.013,0.016,290
758,069.20913,-18.05728,2MASS J04365019-1803262,0.204,0.017,-0.015,0.018,290
502,069.75421,-23.88564,2MASSI J0439010-235308,-0.110,0.015,-0.152,0.016,290
,070.77421,-32.03583,2MASSI J0443058-320209,-0.013,0.015,0.211,0.018,290
751,070.90671,+0.03475,2MASS J04433761+0002051,0.028,0.014,-0.099,0.014,290
,071.06162,+5.73258,2MASS J04441479+0543573,0.095,0.021,-0.006,0.021,290
265,071.29662,-6.04794,2MASS J04451119-0602526,0.047,0.017,0.007,0.018,290
,071.38488,-36.70717,2MASS J04453237-3642258,0.454,0.018,-0.008,0.023,290
723,071.47446,-30.80567,2MASSI J0445538-304820,0.183,0.013,-0.393,0.015,290
136,071.92946,-19.60125,2MASS J04474307-1936045,0.069,0.022,0.088,0.023,290
36,072.75387,-34.03750,2MASSI J0451009-340214,0.107,0.017,0.138,0.021,290
30,073.36029,-17.86508,2MASSI J0453264-175154,0.037,0.017,-0.021,0.018,290
654,073.88612,-27.03036,2MASS J04553267-2701493,0.078,0.016,-0.119,0.017,290
455,075.08750,+3.51392,2MASS J05002100+0330501,-0.002,0.021,-0.349,0.021,290
449,075.35025,-0.17922,2MASS J05012406-0010452,0.158,0.014,-0.139,0.014,290
,075.55604,+14.71019,2MASSI J0502134+144236,0.060,0.012,-0.022,0.012,290
147,077.20612,-16.78797,2MASS J05084947-1647167,-0.197,0.018,-0.362,0.018,290
1387,077.64667,-42.13722,2MASS J05103520-4208140,0.104,0.015,0.580,0.021,290
791,078.02650,-29.83167,2MASSI J0512063-294954,-0.028,0.016,0.099,0.018,290
448,079.06654,-33.53461,2MASS J05161597-3332046,0.059,0.016,0.184,0.019,290
1119,079.27283,-41.91147,2MASS J05170548-4154413,0.089,0.015,0.016,0.021,290
91,079.69233,-27.94603,2MASS J05184616-2756457,0.020,0.013,0.022,0.014,290
90,079.74979,-28.47700,2MASS J05185995-2828372,-0.065,0.016,-0.282,0.019,290
721,080.90925,-14.05061,2MASSI J0523382-140302,0.090,0.017,0.166,0.017,290
128,081.74887,-50.43933,2MASS J05265973-5026216,0.008,0.012,0.227,0.020,290
718,082.18479,-32.87300,2MASS J05284435-3252228,-0.029,0.016,0.066,0.018,290
719,083.74350,-15.19553,2MASS J05345844-1511439,-0.115,0.018,0.085,0.018,290
720,084.08325,-19.34433,2MASS J05361998-1920396,0.017,0.017,-0.024,0.018,290
1388,090.52658,+40.73300,2MASS J06020638+4043588,0.243,0.011,-0.212,0.015,290
771,091.25817,-23.70750,2MASS J06050196-2342270,-0.057,0.017,0.082,0.018,290
413,092.22012,-27.89953,2MASS J06085283-2753583,-0.013,0.011,-0.002,0.013,290
341,094.02217,-45.95222,2MASS J06160532-4557080,-0.057,0.014,0.114,0.020,290
342,094.89767,-52.82686,2MASS J06193544-5249367,0.057,0.012,0.172,0.020,290
376,096.19146,-45.36522,2MASS J06244595-4521548,-0.045,0.011,0.370,0.015,290
,096.58837,+0.49281,SDSS J062621.22+002934.2,0.084,0.015,-0.092,0.015,290
345,098.10008,-50.17636,2MASS J06322402-5010349,-0.103,0.013,-0.018,0.021,290
157,099.98317,-74.31239,2MASS J06395596-7418446,0.000,0.005,-0.002,0.019,290
110,100.32667,-43.37581,2MASS J06411840-4322329,0.189,0.013,0.613,0.018,290
109,103.20196,-57.69378,2MASS J06524851-5741376,-0.007,0.008,0.025,0.015,290
,103.52350,+65.46808,SDSS J065405.63+652805.4,-0.015,0.006,0.030,0.015,290
,107.08888,+29.84306,2MASSW J0708213+295035,0.040,0.014,-0.236,0.016,290
848,109.31775,+57.09528,2MASSW J0717163+570543,-0.016,0.009,0.046,0.016,290
847,109.88283,-50.86139,2MASS J07193188-5051410,0.190,0.013,-0.060,0.020,290
599,110.81092,+57.45225,2MASS J07231462+5727081,0.062,0.011,-0.238,0.020,290
1313,112.25008,-39.90119,2MASS J07290002-3954043,-0.578,0.014,1.636,0.018,290
1390,114.84179,+66.25108,SDSS J073922.26+661503.5,0.180,0.010,-0.077,0.026,290
,115.02967,+20.15600,SDSS J074007.30+200921.9,-0.185,0.015,-0.111,0.016,290
,115.04025,+32.20089,2MASSW J0740096+321203,-0.029,0.010,-0.084,0.012,290
1720,115.45500,+23.85764,SDSS J074149.15+235127.5,-0.243,0.013,-0.143,0.014,290
1315,115.50542,+20.92217,SDSS J074201.41+205520.5,-0.316,0.018,-0.255,0.020,290
119,116.67733,+20.00892,2MASSI J0746425+200032,-0.362,0.012,-0.042,0.013,290
,116.98462,+39.79247,SDSS J074756.31+394732.9,0.052,0.012,-0.057,0.015,290
,118.24758,+41.60956,SDSS J075259.43+413634.6,-0.014,0.020,0.041,0.027,290
,118.38404,+29.28664,2MASSI J0753321+291711,-0.090,0.012,-0.102,0.013,290
,118.81367,+29.57925,SDSS J075515.26+293445.4,-0.092,0.019,-0.074,0.022,290
1420,118.94979,+22.20469,2MASSI J0755480+221218,-0.034,0.016,-0.248,0.017,290
,119.10537,+12.74889,2MASSI J0756252+124456,0.004,0.015,-0.056,0.016,290
,119.23462,+23.24936,SDSS J075656.54+231458.5,0.158,0.016,-0.156,0.017,290
1394,119.66821,+32.79014,SDSS J075840.33+324723.4,-0.191,0.014,-0.349,0.017,290
727,119.87279,+3.39900,2MASS J07592947+0323564,-0.052,0.020,-0.003,0.020,290
,120.41900,+46.48050,2MASSW J0801405+462850,-0.200,0.009,-0.335,0.013,290
460,121.05954,+3.51317,2MASS J08041429+0330474,-0.006,0.020,-0.013,0.020,290
1540,121.38287,+48.20917,SDSS J080531.84+481233.0,-0.455,0.012,0.054,0.018,290
235,122.49596,+44.57267,SDSS J080959.01+443422.2,-0.198,0.014,-0.214,0.019,290
,123.80862,+10.50325,2MASS J08151407+1030117,-0.059,0.020,0.048,0.020,290
772,124.94175,+16.98164,2MASS J08194602+1658539,-0.160,0.016,-0.035,0.017,290
773,125.12483,+45.00875,2MASSW J0820299+450031,-0.111,0.009,-0.323,0.012,290
,125.12554,+10.62700,SDSS J082030.12+103737.0,-0.077,0.017,-0.026,0.017,290
617,125.95075,+24.48269,2MASS J08234818+2428577,-0.170,0.014,0.062,0.015,290
,127.27767,+14.93958,2MASSW J0829066+145622,-0.048,0.010,-0.244,0.010,290
262,127.45450,-0.20669,2MASS J08294908-0012241,-0.197,0.017,0.175,0.017,290
,127.48779,+26.91942,2MASSW J0829570+265510,-0.099,0.015,-0.043,0.017,290
251,127.70325,+1.47531,SDSS J083048.80+012831.1,0.236,0.020,-0.312,0.020,290
740,127.98325,+10.42825,2MASS J08315598+1025417,-0.049,0.021,-0.184,0.021,290
,128.01879,-1.47667,2MASSW J0832045-012835,0.070,0.015,0.003,0.015,290
356,128.77592,+19.88472,SDSS J083506.16+195304.4,-0.158,0.013,-0.108,0.014,290
,128.84858,+10.49217,2MASS J08352366+1029318,-0.050,0.022,-0.179,0.022,290
72,128.99287,+5.80856,2MASS J08355829+0548308,-0.099,0.021,-0.020,0.021,290
861,129.81700,+12.89842,2MASS J08391608+1253543,-0.044,0.015,-0.127,0.016,290
614,131.86967,-15.54367,2MASSI J0847287-153237,0.145,0.012,-0.183,0.013,290
616,132.50725,-19.40511,2MASS J08500174-1924184,-0.116,0.017,0.045,0.018,290
,132.81779,+18.29172,SDSS J085116.20+181730.0,-0.195,0.018,-0.050,0.019,290
,133.14542,+47.34331,SDSS J085234.90+472035.0,-0.069,0.018,-0.418,0.026,290
748,134.19971,+22.58839,2MASSI J0856479+223518,-0.208,0.017,-0.006,0.018,290
745,134.36612,-3.54433,2MASS J08572787-0332396,-0.150,0.018,-0.056,0.018,290
234,134.49371,+57.14761,SDSSp J085758.45+570851.4,-0.413,0.006,-0.349,0.012,290
1395,134.64446,+32.94097,SDSS J085834.42+325627.7,-0.760,0.023,0.075,0.023,290
743,134.85612,-19.82411,2MASSI J0859254-194926,-0.300,0.013,-0.081,0.014,290
,134.91058,+63.69319,2MASS J08593854+6341355,-0.096,0.019,-0.495,0.042,290
232,134.91787,+11.75903,2MASS J08594029+1145325,-0.275,0.021,-0.060,0.021,290
239,136.44392,+56.38658,2MASS J09054654+5623117,-0.014,0.017,0.089,0.031,290
538,137.25354,+65.42431,SDSS J090900.73+652527.2,-0.217,0.003,-0.138,0.008,290
1325,137.48954,-6.97183,DENIS-P J0909-0658,-0.210,0.018,0.015,0.019,290
,138.26333,+18.69725,2MASSW J0913032+184150,0.032,0.016,-0.187,0.017,290
312,138.89221,+4.36792,2MASS J09153413+0422045,-0.109,0.025,0.031,0.025,290
271,139.06267,+21.66422,2MASS J09161504+2139512,-0.199,0.017,-0.054,0.018,290
,139.65896,+21.56828,2MASSW J0918382+213406,0.330,0.015,-0.156,0.017,290
1396,140.05096,+35.29525,2MASSW J0920122+351742,-0.167,0.009,-0.200,0.010,290
484,140.30875,-21.07906,2MASS J09211410-2104446,0.244,0.016,-0.908,0.017,290
490,140.58133,-80.17775,2MASS J09221952-8010399,0.041,0.004,-0.045,0.022,290
,141.98921,+60.46289,SDSS J092757.46+602746.3,0.003,0.013,0.016,0.025,290
,142.10675,+42.51514,2MASS J09282562+4230545,-0.390,0.019,-0.378,0.025,290
403,142.16550,-16.05356,2MASSW J0928397-160312,-0.158,0.017,0.034,0.017,290
,142.78979,+3.45919,SDSS J093109.56+032732.5,-0.612,0.018,-0.131,0.018,290
,142.86762,+5.47286,2MASS J09312823+0528223,-0.142,0.021,-0.204,0.021,290
657,143.62167,-13.87872,2MASS J09342920-1352434,-0.238,0.016,-0.127,0.017,290
121,143.86679,-29.58322,2MASS J09352803-2934596,-0.023,0.016,0.064,0.018,290
,144.66758,-27.80511,2MASS J09384022-2748184,-0.408,0.017,-0.164,0.020,290
1326,144.89783,-24.80775,2MASS J09393548-2448279,0.592,0.019,-1.064,0.021,290
,145.69183,+55.51736,2MASS J09424604+5531025,-0.066,0.018,0.085,0.032,290
,146.93654,+2.40908,2MASS J09474477+0224327,-0.081,0.020,-0.162,0.020,290
415,148.33858,-10.23903,2MASS J09532126-1014205,-0.048,0.019,-0.089,0.019,290
1331,151.16371,-33.58858,2MASSW J1004392-333518,0.366,0.016,-0.340,0.019,290
,151.79937,+19.51564,SDSS J100711.74+193056.2,-0.263,0.015,-0.018,0.016,290
1332,151.89037,-45.92075,2MASS J10073369-4555147,-0.758,0.013,0.138,0.019,290
533,154.67975,-16.40758,2MASS J10184314-1624273,0.053,0.015,-0.017,0.016,290
1335,154.74496,-29.16486,2MASSW J1018588-290953,-0.319,0.017,-0.086,0.019,290
,155.38467,-20.73525,2MASS J10213232-2044069,-0.312,0.016,-0.051,0.017,290
602,155.52037,+2.01325,2MASS J10220489+0200477,-0.178,0.018,-0.394,0.018,290
70,156.46779,+32.20969,SDSS J102552.43+321234.0,0.393,0.011,-0.228,0.013,290
377,157.16842,-14.64553,2MASS J10284042-1438439,0.024,0.016,-0.162,0.016,290
606,158.07108,+5.01756,2MASS J10321706+0501032,-0.032,0.021,-0.012,0.021,290
,158.34108,+40.09719,SDSS J103321.92+400549.5,0.154,0.013,-0.188,0.018,290
1338,159.22104,-34.69389,2MASSW J1036530-344138,-0.020,0.015,-0.462,0.019,290
1415,159.88071,+32.94064,SDSS J103931.35+325625.5,0.031,0.046,-0.023,0.054,290
286,160.78158,+22.42322,2MASS J10430758+2225236,-0.117,0.015,0.013,0.016,290
,160.85450,+0.03006,SDSSp J104325.10+000148.2,-0.161,0.019,-0.156,0.019,290
1339,160.89617,+12.22081,SDSS J104335.08+121314.1,0.046,0.017,-0.248,0.018,290
,161.32158,-26.12358,2MASS J10451718-2607249,-0.162,0.017,-0.146,0.019,290
1416,162.12192,+9.32703,SDSS J104829.21+091937.8,-0.268,0.020,0.241,0.020,290
1417,163.05625,+44.38219,SDSS J105213.51+442255.7,0.018,0.017,-0.152,0.024,290
520,163.67367,+12.23567,2MASS J10544168+1214084,0.103,0.018,-0.080,0.019,290
524,164.69946,-15.80478,DENIS-P J1058.7-1548,-0.237,0.015,0.014,0.015,290
445,165.04021,+49.96306,2MASS J11000965+4957470,-0.133,0.018,-0.151,0.028,290
20,165.54125,-34.50986,2MASS J11020983-3430355,-0.033,0.012,-0.024,0.015,290
,165.64062,-23.99622,2MASSW J1102337-235945,-0.238,0.019,0.075,0.020,290
266,166.00529,+19.98936,2MASSI J1104012+195921,0.080,0.022,0.154,0.023,290
513,166.54987,+27.90625,2MASS J11061197+2754225,-0.229,0.019,-0.448,0.021,290
,167.63837,+54.40078,2MASS J11103321+5424028,-0.066,0.009,-0.299,0.016,290
,168.20458,-20.74208,2MASS J11124910-2044315,0.001,0.014,0.023,0.015,290
1909,168.33371,+34.51617,SDSS J111320.16+343057.9,0.108,0.040,-0.025,0.049,290
1346,168.71387,-26.30653,2MASS J11145133-2618235,-3.011,0.015,-0.391,0.016,290
777,169.40379,+36.15997,2MASSI J1117369+360936,0.001,0.019,-0.016,0.023,290
,170.32742,+43.54622,SDSS J112118.57+433246.5,-0.057,0.024,0.026,0.033,290
,170.65100,-39.26817,2MASSW J1122362-391605,0.073,0.012,-0.180,0.015,290
23,170.90021,+12.68950,2MASS J11233605+1241222,-0.036,0.017,0.009,0.017,290
26,171.02029,+38.13483,2MASS J11240487+3808054,0.130,0.021,-0.019,0.027,290
,171.56367,+1.34669,SDSS J112615.25+012048.2,-0.131,0.022,0.042,0.022,290
645,172.69837,-22.17597,2MASS J11304761-2210335,-0.126,0.017,-0.232,0.018,290
139,173.72888,+0.38169,2MASS J11345493+0022541,0.401,0.021,-0.343,0.021,290
,174.63783,+67.67786,SDSS J113833.10+674040.3,0.024,0.014,-0.127,0.037,290
,174.79612,+8.68669,2MASS J11391107+0841121,0.089,0.021,-0.025,0.022,290
140,174.96317,-31.98928,2MASS J11395113-3159214,-0.071,0.014,-0.017,0.016,290
,177.22612,-25.74456,2MASS J11485427-2544404,0.147,0.018,0.047,0.020,290
659,178.17775,+24.63553,2MASS J11524266+2438079,-0.451,0.032,0.036,0.035,290
,178.64163,+1.59847,2MASS J11543399+0135545,0.121,0.022,-0.043,0.022,290
528,178.67596,-34.01083,2MASS J11544223-3400390,-0.161,0.013,0.004,0.015,290
529,178.91467,-37.45972,2MASSW J1155395-372735,0.050,0.012,-0.767,0.015,290
1349,178.97454,+5.99936,SDSS J115553.86+055957.5,-0.406,0.022,-0.026,0.022,290
399,179.51121,-25.76025,2MASS J11580269-2545369,-0.102,0.019,-0.167,0.021,290
396,179.60350,+13.91267,2MASS J11582484+1354456,-0.116,0.017,0.168,0.018,290
160,180.60683,-6.48406,2MASS J12022564-0629026,0.096,0.019,-0.075,0.019,290
161,180.65275,-6.06817,2MASS J12023666-0604054,0.088,0.018,-0.034,0.018,290
1405,181.51033,+28.22481,SDSS J120602.51+281328.7,0.047,0.014,-0.105,0.016,290
526,181.76558,-31.85828,2MASS J12070374-3151298,-0.232,0.016,-0.074,0.019,290
,181.90850,-39.15139,2MASS J12073804-3909050,-0.142,0.011,0.031,0.015,290
1406,182.48387,-10.06689,2MASS J12095613-1004008,0.250,0.019,-0.390,0.019,290
316,183.14121,+2.10778,2MASS J12123389+0206280,0.065,0.021,-0.141,0.021,290
179,183.26400,-4.54547,2MASSI J1213033-043243,-0.388,0.020,-0.013,0.020,290
1419,183.67037,+63.27872,SDSS J121440.95+631643.4,0.165,0.030,-0.021,0.068,290
1353,183.93467,-34.34975,2MASS J12154432-3420591,-0.212,0.017,-0.310,0.021,290
,183.97283,+0.84717,2MASS J12155348+0050498,0.220,0.020,-0.398,0.020,290
812,184.09004,+44.94278,2MASS J12162161+4456340,-0.035,0.014,-0.004,0.019,290
,184.24658,+30.05150,SDSS J121659.17+300306.3,-0.021,0.017,0.115,0.019,290
808,184.37229,+0.59239,2MASS J12172935+0035326,0.078,0.026,-0.001,0.026,290
,184.74821,-5.84117,2MASS J12185957-0550282,-0.279,0.019,-0.036,0.019,290
,184.96483,+31.48047,SDSS J121951.45+312849.4,-0.250,0.026,-0.017,0.031,290
523,185.46108,-8.72214,2MASS J12215066-0843197,-0.192,0.019,0.015,0.019,290
270,186.81437,-6.61272,2MASS J12271545-0636458,-0.106,0.019,-0.085,0.019,290
,187.23075,+0.84556,SDSS J122855.38+005044.1,-0.041,0.021,-0.038,0.021,290
801,187.83921,+49.98983,2MASS J12312141+4959234,-0.053,0.019,-0.022,0.030,290
1408,187.94804,+8.79253,2MASS J12314753+0847331,-1.176,0.021,-1.043,0.021,290
50,191.89875,-12.33106,2MASS J12473570-1219518,0.036,0.018,-0.223,0.018,290
,192.54858,+39.43283,SDSS J125011.65+392553.9,-0.015,0.008,-0.828,0.011,290
230,193.08508,-31.82467,2MASS J12522042-3149288,0.166,0.016,-0.032,0.019,290
546,195.17729,+19.20983,2MASSW J1300425+191235,-0.820,0.018,-1.244,0.019,290
16,195.47771,-15.17286,2MASS J13015465-1510223,-0.086,0.016,-0.075,0.017,290
18,195.66237,+3.86139,2MASS J13023897+0351410,-0.039,0.021,0.025,0.021,290
,196.57196,+38.34156,2MASS J13061727+3820296,-0.175,0.027,-0.008,0.035,290
,197.10446,+7.43089,2MASS J13082507+0725512,0.259,0.021,-0.416,0.021,290
,198.56462,-0.14667,SDSSp J131415.52-000848.1,-0.001,0.023,0.073,0.023,290
,198.87892,-26.83092,2MASSI J1315309-264951,-0.682,0.013,-0.282,0.014,290
385,200.17329,+9.96406,2MASS J13204159+0957506,-0.236,0.021,-0.129,0.021,290
,200.89987,-18.11053,DENIS-P J1323-1806,-0.097,0.016,-0.024,0.017,290
,200.96692,+30.24278,2MASS J13235206+3014340,-0.695,0.023,0.156,0.027,290
,201.58371,-27.49361,2MASSW J1326201-272937,-0.368,0.014,-0.028,0.016,290
,202.25412,-41.78703,2MASS J13290099-4147133,0.231,0.013,-0.280,0.017,290
663,204.37983,+49.64353,2MASS J13373116+4938367,0.039,0.016,0.049,0.025,290
819,205.29833,-30.88069,2MASS J13411160-3052505,0.030,0.013,-0.134,0.015,290
,205.51296,+13.67283,SDSS J134203.11+134022.2,0.000,0.019,-0.027,0.019,290
666,205.96979,-38.86069,2MASS J13435275-3851385,-0.044,0.014,-0.016,0.018,290
,206.99629,-76.16817,DENIS-P J1347590-761005,0.203,0.005,0.038,0.020,290
,207.00417,-3.07578,2MASS J13480100-0304328,0.191,0.020,-0.408,0.020,290
530,209.30154,+14.47772,2MASS J13571237+1428398,0.069,0.052,-0.006,0.053,290
1400,209.71954,+37.78714,SDSS J135852.68+374711.9,-0.010,0.013,-0.411,0.016,290
,209.85012,+47.47864,SDSS J135923.99+472843.2,-0.144,0.010,0.034,0.014,290
785,209.97958,-40.58283,2MASS J13595510-4034582,0.038,0.011,-0.485,0.015,290
,210.09667,+43.63950,SDSS J140023.12+433822.3,-0.235,0.020,0.012,0.028,290
786,210.59312,+6.81331,2MASS J14022235+0648479,0.056,0.021,-0.006,0.021,290
,210.63229,+1.80836,SDSS J140231.75+014830.3,-0.230,0.018,0.015,0.018,290
,210.73183,+8.01536,SDSS J140255.66+080055.2,0.065,0.021,-0.098,0.022,290
,211.17362,+2.59725,SDSS J140441.68+023550.1,0.072,0.019,-0.226,0.019,290
141,212.26292,-33.96569,2MASS J14090310-3357565,0.089,0.012,0.047,0.014,290
816,213.09450,+23.90300,2MASS J14122268+2354108,-0.175,0.036,0.068,0.039,290
1401,213.87512,+57.40833,SDSS J141530.05+572428.7,0.043,0.013,-0.345,0.025,290
1366,214.24946,+50.10717,SDSS J141659.78+500626.4,-0.297,0.013,0.188,0.021,290
374,214.91112,-31.61442,2MASS J14193867-3136519,-0.041,0.018,0.028,0.021,290
,215.61333,+22.26597,SDSS J142227.25+221557.1,0.047,0.019,-0.054,0.020,290
576,216.36658,-36.83969,DENIS-P J142527.97-365023.4,-0.268,0.015,-0.473,0.019,290
27,219.04071,+29.00972,2MASS J14360977+2900350,-0.098,0.018,0.068,0.021,290
21,219.68925,+55.98706,2MASS J14384542+5559134,-0.062,0.015,-0.059,0.027,290
,219.7291,-13.15287,2MASSW J1438549-130910,0.154,0.016,-0.022,0.017,290
,219.88929,+3.29975,SDSS J143933.44+031759.2,-0.013,0.021,0.030,0.021,290
,220.06758,+0.44417,SDSS J144016.20+002638.9,-0.006,0.021,0.004,0.021,290
653,220.26904,+27.32564,2MASS J14410457+2719323,0.089,0.030,-0.053,0.034,290
,220.36858,+50.76681,SDSS J144128.52+504600.4,0.077,0.013,-0.109,0.021,290
6,220.40483,-9.76639,DENIS-P J1441-0945G124-62B,-0.182,0.016,-0.038,0.016,290
4,222.10679,+10.53306,2MASSW J1448256+103159,0.262,0.022,-0.120,0.022,290
254,223.34596,+15.71892,2MASS J14532303+1543081,-0.011,0.018,0.028,0.018,290
,224.31233,-21.36325,Gliese570D,1.028,0.013,-1.688,0.014,290
236,224.60221,+28.66611,2MASS J14582453+2839580,-0.109,0.024,-0.432,0.028,290
,225.19050,+42.32911,2MASS J15004572+4219448,0.136,0.011,-0.065,0.015,290
,225.67008,+61.63772,SDSS J150240.80+613815.5,-0.098,0.010,0.036,0.022,290
775,226.94871,-16.46072,2MASSW J1507476-162738,-0.128,0.014,-0.906,0.015,290
1421,227.81108,+6.12864,SDSS J151114.66+060742.9,-0.252,0.021,-0.256,0.021,290
588,228.16908,+34.06392,2MASS J15124058+3403501,0.228,0.010,-0.010,0.012,290
,228.77529,+44.61342,SDSS J151506.11+443648.3,0.075,0.019,-0.020,0.027,290
1422,229.01262,+2.99144,SDSS J151603.03+025928.9,-0.048,0.022,-0.174,0.022,290
1423,229.17942,+30.89564,SDSS J151643.01+305344.4,-0.132,0.021,0.004,0.024,290
261,230.16558,+35.77250,SDSS J152039.82+354619.8,0.279,0.023,-0.386,0.028,290
1407,230.26362,+1.52850,SDSS J152103.24+013142.7,-0.232,0.018,0.085,0.018,290
,231.38050,+58.18125,SDSS J152531.32+581053.1,0.064,0.015,0.044,0.028,290
353,231.55854,+20.72817,2MASSI J1526140+204341,-0.207,0.018,-0.362,0.019,290
,232.78700,+6.01978,ULAS J153108.89+060111.1,0.028,0.025,-0.048,0.025,290
494,232.80600,+16.69117,2MASS J15311344+1641282,-0.076,0.025,0.040,0.026,290
1585,233.57129,+16.26286,SDSS J153417.05+161546.1AB,-0.066,0.020,-0.052,0.021,290
,233.72188,+12.33042,SDSS J153453.33+121949.2,0.177,0.020,-0.040,0.021,290
366,234.60071,-19.88656,2MASS J15382417-1953116,0.032,0.019,-0.061,0.020,290
365,234.83904,+65.04344,2MASS J15392137+6502364,-0.038,0.011,0.038,0.025,290
,235.03925,+37.70878,SDSS J154009.36+374230.3,-0.205,0.016,-0.382,0.020,290
,236.28754,+35.92419,SDSS J154508.93+355527.3,-0.183,0.016,0.063,0.020,290
,236.86346,+3.61003,SDSS J154727.23+033636.3,-0.062,0.019,0.056,0.019,290
83,236.94662,-24.39703,2MASS J15474719-2423493,-0.126,0.014,-0.143,0.015,290
,237.20467,+17.37664,SDSS J154849.02+172235.4,-0.277,0.019,-0.109,0.019,290
,237.24308,-16.60050,2MASS J15485834-1636018,-0.210,0.016,-0.107,0.017,290
84,237.96821,+9.68744,2MASS J15515237+0941148,-0.070,0.022,-0.050,0.022,290
,238.33925,+21.15197,2MASSW J1553214+210907,-0.045,0.015,0.114,0.016,290
1376,238.81554,-9.93486,2MASSW J1555157-095605,0.950,0.015,-0.767,0.015,290
338,241.61104,+68.62411,2MASS J16062665+6837268,-0.083,0.008,0.043,0.023,290
,244.11037,+22.31642,SDSS J161626.46+221859.2,-0.073,0.018,0.021,0.019,290
,244.38200,+40.31675,SDSS J161731.65+401859.7,-0.038,0.014,-0.132,0.019,290
480,244.68762,-13.35825,2MASS J16184503-1321297,-0.094,0.015,-0.081,0.015,290
,245.21317,+32.62561,SDSS J162051.17+323732.1,0.015,0.011,-0.033,0.014,290
,245.73054,+11.98994,SDSS J162255.27+115924.1,-0.128,0.025,-0.012,0.026,290
1469,247.16062,+23.14003,SDSS J162838.77+230821.1,0.497,0.020,-0.461,0.021,290
,247.59562,+8.30614,SDSS J163022.92+081822.0,-0.083,0.018,-0.084,0.019,290
,247.62725,+43.73422,SDSS J163030.53+434404.0,-0.138,0.020,0.052,0.028,290
228,247.67246,+9.64572,2MASS J16304139+0938446,-0.058,0.018,-0.069,0.018,290
,248.49721,-6.68200,SDSS J163359.23-064056.5,-0.232,0.015,-0.195,0.015,290
681,251.34196,+30.06864,2MASS J16452207+3004071,-0.065,0.019,-0.065,0.022,290
,251.34212,-13.33100,2MASSW J1645221-131951,-0.352,0.015,-0.801,0.016,290
496,252.26746,+4.74919,2MASS J16490419+0444571,0.054,0.023,0.083,0.023,290
311,253.37375,+62.52678,SDSS J165329.69+623136.5,0.031,0.016,-0.024,0.035,290
,254.07854,+28.58489,2MASSI J1656188+283506,0.011,0.027,-0.027,0.031,290
246,256.45142,-5.27950,DENIS-P J170548.38-051645.7,0.141,0.015,-0.101,0.015,290
,257.94650,+23.52528,SDSS J171147.17+233130.5,0.010,0.017,-0.085,0.018,290
,259.30867,+65.43947,SDSS J171714.10+652622.2,0.159,0.007,-0.092,0.016,290
532,260.68467,+63.49639,SDSS J172244.32+632946.8,0.013,0.012,-0.038,0.027,290
,262.75583,+53.17989,SDSS J173101.41+531047.9,0.064,0.011,0.162,0.018,290
,265.92283,+21.45192,2MASSW J1743415+212707,0.159,0.018,0.233,0.019,290
245,266.54996,+50.56767,2MASS J17461199+5034036,0.258,0.018,0.025,0.028,290
322,292.21650,-43.94044,2MASS J19285196-4356256,0.066,0.012,-0.273,0.016,290
104,294.00779,-55.04228,2MASS J19360187-5502322,0.169,0.009,-0.298,0.016,290
852,300.71137,-5.36456,2MASS J20025073-0521524,-0.102,0.014,-0.110,0.014,290
,308.65704,+8.45025,2MASS J20343769+0827009,-0.096,0.016,-0.489,0.016,290
619,309.01317,+10.85819,2MASS J20360316+1051295,-0.132,0.017,-0.184,0.018,290
193,310.42846,-35.11228,2MASS J20414283-3506442,0.063,0.010,-0.120,0.012,290
74,316.88204,-3.12603,2MASSI J2107316-030733,0.143,0.020,-0.009,0.020,290
802,316.97537,-45.73511,2MASS J21075409-4544064,0.107,0.014,-0.027,0.020,290
869,322.68600,-8.75569,2MASSW J2130446-084520,0.346,0.019,-0.044,0.019,290
,323.16817,+10.49706,SDSS J213240.36+102949.4,0.120,0.018,-0.007,0.019,290
,323.46975,+10.31139,SDSS J213352.72+101841.0,-0.008,0.012,-0.094,0.012,290
585,324.86150,+2.33961,2MASS J21392676+0220226,0.507,0.022,0.123,0.022,290
883,325.52417,-31.02117,2MASS J21420580-3101162,0.060,0.012,-0.095,0.014,290
19,327.06804,+40.06650,2MASS J21481633+4003594,0.770,0.018,0.456,0.024,290
462,327.56633,-75.34353,2MASS J21501592-7520367,0.879,0.005,-0.300,0.019,290
314,327.85596,-24.68333,2MASS J21512543-2441000,0.278,0.014,-0.021,0.015,290
1382,328.60392,-10.38394,2MASS J21542494-1023022,0.193,0.012,0.037,0.012,290
1446,328.63825,+59.70519,2MASS J21543318+5942187,-0.182,0.009,-0.445,0.017,290
466,329.45433,-55.57833,2MASS J21574904-5534420,0.043,0.011,-0.012,0.019,290
69,329.51904,-15.83606,2MASS J21580457-1550098,0.057,0.030,-0.035,0.032,290
757,331.68742,-42.28911,2MASSW J2206450-421721,0.111,0.013,-0.182,0.018,290
724,333.02929,+34.50975,2MASS J22120703+3430351,0.160,0.023,-0.232,0.028,290
443,333.43712,-21.60219,2MASS J22134491-2136079,0.033,0.017,-0.061,0.019,290
441,336.18254,-1.98114,2MASSW J2224438-015852,0.467,0.015,-0.869,0.015,290
173,339.53092,+43.88831,2MASSI J2238074+435317,0.324,0.012,-0.132,0.016,290
14,342.47271,+0.73461,SDSSp J224953.45+004404.2,0.075,0.018,0.026,0.018,290
754,343.71642,-28.67369,2MASSI J2254519-284025,0.000,0.023,0.024,0.026,290
233,343.82754,-57.21822,2MASS J22551861-5713056,-0.216,0.011,-0.260,0.020,290
434,350.69533,-31.55642,2MASS J23224684-3133231,-0.210,0.017,-0.519,0.020,290
,352.01912,-10.64589,SDSS J232804.58-103845.7,-0.010,0.015,-0.037,0.015,290
421,352.59408,-3.78858,2MASS J23302258-0347189,0.223,0.022,0.014,0.022,290
1448,352.84908,-47.30761,2MASS J23312378-4718274,0.104,0.013,-0.049,0.019,290
259,356.02600,-7.55783,2MASS J23440624-0733282,-0.013,0.027,-0.064,0.027,290
525,356.41262,+0.92047,2MASS J23453903+0055137,0.078,0.039,-0.045,0.039,290
