 ra|dec|name|proper_motion_ra|proper_motion_ra_unc|proper_motion_dec|proper_motion_dec_unc|publication_id|V_tan|V_tan_unc|source_id
 000.05642|+25.90504|SDSS J000013.54+255418.6 | 0.0060| 0.0190| 0.1300| 0.0220|210|7.0| 1.0|1274
 000.30068|+15.59323|SDSS J000112.18+153535.5 | 0.1500| 0.0230|-0.1690| 0.0150|210| 31.0| 7.0|204
 000.92621|-28.37810|2MASS J00034227-2822410| 0.2570| 0.0160|-0.1450| 0.0180|219| 37.0| 4.0|464
 001.14526|-40.73511|GJ 1001B, LHS 102B | 0.6440| 0.0030|-1.4940| 0.0020|223|100.4| 5.2|
 001.17279|-20.97495|2MASS J00044144-2058298| 0.8260| 0.0760|-0.0090| 0.0750|227| 70.0|14.0|
 001.45194|-21.95546|2MASS J00054844-2157196| 0.7030| 0.0240|-0.1190| 0.0040|228| 78.0|11.0| 
 001.58540|-17.34738|2MASSI J0006205-172051 |-0.0320| 0.0170| 0.0170| 0.0180|219|7.0| 4.0| 
 001.78286|-24.96785|2MASS J00070787-2458042| 0.1890| 0.0220|-0.0510| 0.0060|228| 28.0| 5.0|465
 002.50042|-20.52004|2MASS J00100009-2031122| 0.1170| 0.0200| 0.0310| 0.0170|210| 17.0| 3.0|468
 003.49081|-22.58891|2MASSI J0013578-223520 | 0.0550| 0.0170|-0.0510| 0.0190|219| 12.0| 3.0| 
 003.73236|-48.73807|2MASS J00145575-4844171| 0.8510| 0.0120| 0.2890| 0.0180|219| 88.0| 7.0| 
 003.93650|+35.26738|2MASSW J0015447+351603 | 0.0830| 0.0180|-0.2460| 0.0140|210| 25.0| 2.0|844
 004.24807|-40.94836|2MASS J00165953-4056541| 0.2010| 0.0140| 0.0320| 0.0180|219| 30.0| 4.0|143
 004.79855| +0.50489|SDSS J001911.65+003017.8 |-0.0290| 0.0180|-0.0250| 0.0110|210|7.0| 3.0| 
 004.85948|+46.23547|2MASS J00192626+4614078| 0.1400| 0.0600|-0.1000| 0.0500|236| 16.0| 6.0|715
 004.94094|+52.22161|2MASS J00194579+5213179| 0.2700| 0.2000|-0.1000| 0.2300|236| 26.0|17.0|714
 006.10260| -1.97220|2MASS J00242463-0158201|-0.0800| 0.0040| 0.1330| 0.0060|241|8.7| 0.6|722
 006.26536|+47.98864|2MASS J00250365+4759191AB| 0.3120| 0.0390|-0.0090| 0.0440|214| 46.0|11.0|590
 006.92487| +5.06158|2MASS J00274197+0503417| 0.0105| 0.0004|-0.0008| 0.0003|215|3.6| 0.4|17
 006.98326|+22.32567|2MASS J00275592+2219328| 0.4000| 0.0400|-0.1700| 0.0400|236| 21.0| 3.0|824
 007.62549|-14.84258|2MASSW J0030300-145033 | 0.2450| 0.0040|-0.0280| 0.0020|244| 31.2| 3.8|856
 007.68263|+31.65888|2MASSW J0030438+313932 |-0.0490| 0.0160|-0.0570| 0.0140|210| 15.0| 3.0| 
 007.97817| +6.82952|2MASS J00315477+0649463| 0.2700| 0.1000| 0.0700| 0.0600|236| 35.0|13.0| 
 008.02114| +2.31719|2MASS J00320509+0219017| 0.4170| 0.0170|-0.3120| 0.0130|210| 67.0| 5.0|1095
 008.17954|-22.62421|2MASSI J0032431-223727 | 0.1150| 0.0270| 0.0230| 0.0150|210| 27.0| 6.0| 
 008.23268|-44.08495|EROS-MP J0032-4405 | 0.1260| 0.0150|-0.0990| 0.0210|219| 31.0| 5.0|
 008.24730|+14.17696|SDSSp J003259.36+141036.6| 0.2730| 0.0070| 0.0390| 0.0040|244| 43.4| 7.7|1277
 008.34945|-15.35858|2MASS J00332386-1521309| 0.2910| 0.0160| 0.0430| 0.0170|219| 38.0| 8.0|593
 008.71475| +5.38468|2MASS J00345157+0523050| 0.6500| 0.0600| 0.2100| 0.0500|205| 44.0| 7.0|1279
 008.73690| -7.10033|2MASSI J0034568-070601 | 0.2000| 0.1000| 0.1000| 0.1000|224| 40.0|18.0|180
 009.06714|+18.35286|2MASSW J0036159+182110 | 0.8991| 0.0006| 0.1200| 0.0020|215| 37.7| 0.3|86
 009.42942|-58.77303|2MASS J00374306-5846229| 0.0490| 0.0100|-0.0510| 0.0200|219| 18.0| 5.0|332
 009.68329|+13.72761|SDSS J003843.99+134339.5 | 0.0640| 0.0160|-0.0410| 0.0080|210| 22.0| 4.0| 
 009.82849|+21.25444|HD 3651B |-0.4611| 0.0007|-0.3709| 0.0007|234| 31.2| 0.3|
 010.39742|-56.35353|2MASS J00413538-5621127| 0.0800| 0.1200|-0.0900| 0.1300|236|8.0| 9.0|344
 010.47725|+13.69311|SDSS J004154.54+134135.5 |-0.1740| 0.0240|-0.1380| 0.0360|210| 37.0| 5.0|
 011.33919|+16.57906|2MASSW J0045214+163445 | 0.3850| 0.0170|-0.0260| 0.0120|210| 26.0| 2.0|334
 011.70169| +7.25493|2MASS J00464841+0715177| 0.0980| 0.0220|-0.0510| 0.0100|210| 14.0| 3.0|102
 012.36150| -6.59646|2MASS J00492677-0635467|-0.1110| 0.0080|-0.4600| 0.0300|209| 57.0| 5.0|584
 012.58352|-33.37756|2MASS J00501994-3322402| 1.2000| 0.1100| 0.9000| 0.1200|241| 54.0| 8.0|1281
 012.60173|-15.63865|SIPS J0050-1538|-0.2290| 0.0180|-0.4940| 0.0190|219| 59.0| 8.0| 
 012.79494|-15.73804|2MASSW J0051107-154417 | 0.0430| 0.0150|-0.0210| 0.0160|219|7.0| 2.0|583
 013.22785|-27.09989|2MASS J00525468-2705597| 0.0560| 0.0050| 0.0900| 0.0050|242| 11.2| 2.7|1282
 013.32913|-36.51951|2MASS J00531899-3631102| 0.0180| 0.0150|-0.0850| 0.0190|219|9.0| 2.0|100
 013.52736| -0.51722|SDSSp J005406.55-003101.8| 0.2000| 0.0090|-0.1600| 0.0090|219| 68.0| 5.0| 
 014.67729| -6.85671|2MASSW J0058425-065123 | 0.2290| 0.0280|-0.2000| 0.0240|217| 47.0| 6.0|2044
 015.71270|-37.62880|2MASS J01025100-3737438| 1.4560| 0.0030| 0.2620| 0.0040|213| 85.6| 2.9|107
 015.88366|+19.59338|2MASSI J0103320+193536 | 0.3050| 0.0170| 0.0350| 0.0140|210| 33.0| 4.0|203
 016.03142| -0.89120|2MASSI J0104075-005328 | 0.4730| 0.0180|-0.0210| 0.0180|219| 99.0|11.0| 
 016.59521|-59.55515|2MASS J01062285-5933185| 0.0460| 0.0100|-0.1980| 0.0200|219| 32.0| 5.0|620
 016.81695|-15.29936|2MASS J01071607-1517577|-0.0310| 0.0160| 0.0110| 0.0170|219|5.0| 3.0|87
 016.96829| +0.69895|SDSSp J010752.33+004156.1| 0.6280| 0.0070| 0.0910| 0.0040|244| 46.9| 3.3|686
 017.28826|-49.91477|SSSPM J0109-4955 | 0.0950| 0.0130| 0.1680| 0.0200|219| 19.0| 2.0| 
 017.34113|+29.82396|2MASS J01092170+2949255| 1.0140| 0.0190| 0.3480| 0.0190|229| 93.0| 6.0| 
 017.46334| -3.72399|2MASS J01095117-0343264| 0.3600| 0.0020| 0.0180| 0.0020|213| 16.4| 0.4| 
 019.22738|-13.95948|2MASS J01165457-1357342|-0.0260| 0.0220|-0.1100| 0.0220|219| 19.0| 4.0| 
 019.44786|-34.05719|2MASSI J0117474-340325 | 0.0800| 0.0170|-0.0620| 0.0200|219| 18.0| 4.0|317
 020.20483| -7.68437|2MASS J01204916-0741036|-0.0130| 0.0190|-0.1150| 0.0190|229| 13.0| 3.0|319
 020.79697|-69.36054|2MASS J01231125-6921379| 0.1000| 0.1100|-0.0300| 0.0700|236| 10.0|10.0|704
 020.99607|-42.66866|SSSPM J0124-4240 |-0.1450| 0.0040|-0.2290| 0.0070|230| 32.0| 3.0| 
 021.19162|-57.76053|2MASS J01244599-5745379|-0.0030| 0.0100| 0.0180| 0.0190|219|7.0| 7.0|29
 021.40376|-34.58468|2MASSI J0125369-343505 | 0.1510| 0.0160| 0.0360| 0.0190|219| 32.0| 4.0| 
 021.91312|+28.09814|2MASS J01273917+2805536|-0.1334| 0.0003|-0.1348| 0.0003|215| 29.5| 0.2|1284
 022.11098|-55.75952|2MASS J01282664-5545343|-0.2490| 0.0190| 0.1540| 0.0190|222| 31.0| 3.0|424
 022.64847|-44.76142|2MASS J01303563-4445411| 0.1200| 0.0140|-0.0250| 0.0200|219| 19.0| 3.0|184
 022.82674|+38.03205|2MASS J01311838+3801554| 0.3730| 0.0120|-0.0310| 0.0150|219| 37.0| 8.0| 
 023.38534|-63.24486|SSSPM J0134-6315 | 0.0770| 0.0080|-0.0810| 0.0090|230| 19.0| 2.0| 
 023.89943|+12.08942|2MASSW J0135358+120522 |-0.0420| 0.0230|-0.4220| 0.0230|219| 57.0| 5.0| 
 024.23567| +9.56314|IPMS J013656.57+093347.3 | 1.2410| 0.0090|-0.0040| 0.0110|201| 36.0| 2.0|438
 025.26352|+18.08060|2MASSW J0141032+180450 | 0.4030| 0.0110|-0.0450| 0.0120|219| 46.0| 3.0|736
 025.31157|-24.29207|2MASS J01411479-2417311|-0.1610| 0.0170|-0.3030| 0.0190|219| 51.0| 6.0|258
 025.49264|-46.56595|2MASS J01415823-4633574| 0.1040| 0.0170|-0.0260| 0.0240|219| 21.0| 4.0|183
 025.63127| +5.39131|2MASS 0142+0523| 0.5600| 0.0500|-0.2900| 0.0500|247|194.0|| 
 026.14747| -7.27068|2MASS J01443536-0716142| 0.3950| 0.0180|-0.2040| 0.0180|219| 24.0| 2.0|260
 026.50492|-45.75732|2MASS J01460119-4545263| 0.1210| 0.0160| 0.0600| 0.0230|219| 25.0| 4.0|282
 026.63302| +6.68763|2MASS J01463192+0641153|-0.0790| 0.0100|-0.2490| 0.0100|228| 39.0| 4.0| 
 026.88675|-49.91329|2MASS J01473282-4954478|-0.0140| 0.0010|-0.2880| 0.0260|216| 45.0| 9.0|1101
 026.88936|+34.88641|2MASSW J0147334+345311 | 0.0370| 0.0090|-0.0550| 0.0110|219| 13.0| 2.0| 
 027.16096|-30.41097|2MASS J01483864-3024396|-0.1100| 0.1000| 0.1000| 0.0900|236| 13.0| 9.0|471
 027.28742|+29.93673|2MASS J01490895+2956131| 0.1757| 0.0008|-0.4021| 0.0007|215| 46.8| 0.7|1285
 027.92361|+12.74164|SDSS J015141.69+124429.6 | 0.7420| 0.0040|-0.0370| 0.0020|244| 75.3| 5.5|360
 028.76468| +9.83343|2MASS J01550354+0950003| 0.3380| 0.0230|-0.0800| 0.0230|219| 28.0| 5.0| 
 031.09219|-36.54189|2MASS J02042212-3632308| 0.1930| 0.0170|-0.0340| 0.0210|219| 21.0| 3.0| 
 031.26446|+12.86172|2MASSW J0205034+125142 | 0.3490| 0.0110|-0.0180| 0.0110|219| 37.0| 3.0|134
 031.37239|-11.99157|DENIS-P J0205.4-1159 | 0.4343| 0.0008| 0.0549| 0.0008|215| 41.0| 1.2|509
 031.53689|+22.59977|SDSS J020608.97+223559.2 | 0.3410| 0.0150|-0.0620| 0.0160|219| 64.0| 6.0| 
 031.89831|+13.93228|SDSS J020735.60+135556.3 | 0.2600| 0.0170|-0.1610| 0.0180|219| 51.0| 5.0|
 031.92847| +0.01567|SDSS J020742.48+000056.2 | 0.1550| 0.0110|-0.0170| 0.0060|244| 21.0| 7.0|1287
 032.07662|+25.71479|2MASSW J0208183+254253 | 0.3560| 0.0100|-0.0210| 0.0110|219| 42.0| 3.0|307
 032.09861|+27.62771|2MASSW J0208236+273740 | 0.2170| 0.0130|-0.1100| 0.0140|219| 28.0| 3.0|174
 032.22911|+25.01359|2MASSW J0208549+250048 |-0.0220| 0.0110| 0.0600| 0.0120|219|9.0| 2.0|
 032.86776|+14.16774|SDSS J021128.25+141003.8 |-0.0920| 0.0100|-0.0300| 0.0100|219| 31.0| 4.0|
 033.36998|+44.74586|2MASSI J0213288+444445 |-0.0400| 0.0600|-0.1600| 0.0600|236| 15.0| 5.0|187
 033.78352|-30.66701|2MASS J02150802-3040011| 0.7700| 0.0180|-0.3390| 0.0190|228| 49.0| 4.0|
 034.62132|-31.55643|2MASSI J0218291-313322 |-0.1650| 0.0150|-0.1380| 0.0180|219| 26.0| 3.0|190
 034.74125| -6.29717|2MASS J02185792-0617499| 0.3670| 0.0190|-0.0970| 0.0190|229| 41.0| 4.0|
 034.84146| +5.10850|2MASS J02192196+0506306| 0.1900| 0.0240| 0.0050| 0.0240|219| 36.0| 6.0|472
 034.86691|-19.64485|SSSPM J0219-1939 | 0.1940| 0.0040|-0.1730| 0.0060|231| 33.0| 2.0|
 035.36859|-68.52778|2MASS J02212859-6831400| 0.0460| 0.0060|-0.0060| 0.0170|219|8.0| 2.0|296
 035.47914|-54.20150|2MASS J02215494-5412054| 0.1360| 0.0100|-0.0100| 0.0170|219| 20.0| 3.0|476
 035.97693|-58.25186|2MASS J02235464-5815067| 0.1340| 0.0100| 0.0050| 0.0190|219| 30.0| 4.0|731
 036.32838|-58.62486|2MASS J02251947-5837295| 0.0850| 0.0100|-0.0300| 0.0180|219| 12.0| 2.0|732
 036.79305|-16.41324|2MASS J02271036-1624479| 0.5090| 0.0160|-0.3030| 0.0100|216| 58.0| 4.0|733
 037.04597|+25.62722|2MASSW J0228110+253738 | 0.2570| 0.0140|-0.0140| 0.0170|210| 32.0| 4.0|830
 037.13783|+18.18598|2MASS J02283305+1811097| 0.1820| 0.0100|-0.0860| 0.0100|228| 30.0| 4.0|831
 037.17682|+16.65912|2MASS J02284243+1639329| 0.4220| 0.0200|-0.4120| 0.0210|219| 54.0| 7.0|
 037.18116|-63.41821|2MASS J02284355-6325052| 0.5930| 0.0100| 0.4580| 0.0230|219| 82.0|10.0|
 037.56470|+27.06836|2MASS J02301551+2704061| 0.1890| 0.0080|-0.0070| 0.0100|219| 29.0| 4.0|833
 038.94815| -8.82216|SDSS J023547.56-084919.8 |-0.0440| 0.0130| 0.0130| 0.0130|219| 10.0| 3.0|
 038.99974|-23.52236|GJ 1048B | 0.0850| 0.0010| 0.0130| 0.0008|234|8.6| 0.2|
 039.07473| +0.81526|SDSSp J023617.93+004855.0| 0.1230| 0.0120|-0.1760| 0.0120|219| 30.0| 3.0|615
 039.92689|-17.59645|2MASSI J0239424-173547 | 0.0420| 0.0170|-0.0950| 0.0180|219| 16.0| 3.0|693
 040.12295|+28.54922|2MASS J02402950+2832576| 0.0460| 0.0190|-0.1920| 0.0190|229| 21.0| 3.0|
 040.47375|-12.68527|2MASSI J0241536-124106 | 0.3120| 0.0160|-0.0400| 0.0170|219| 68.0|11.0|99
 040.68152|+16.12748|2MASSW J0242435+160739 | 0.1520| 0.0110|-0.2100| 0.0120|219| 66.0| 5.0|
 040.80703|-24.89167|2MASSI J0243137-245329 |-0.2880| 0.0040|-0.2080| 0.0030|244| 18.0| 0.7|1288
 040.96263|-54.53872|2MASS J02435103-5432194| 0.0960| 0.0110|-0.0260| 0.0190|219| 15.0| 2.0|
 041.95754|-16.52028|SDSS J024749.90-163112.6 | 0.3130| 0.0170| 0.1430| 0.0170|219| 46.0| 7.0|1429
 042.17084|-16.85611|2MASS J02484100-1651216| 0.0210| 0.0090|-0.2730| 0.0120|242| 21.8| 2.2|96
 042.80525| +0.79344|2MASS J02511327+0047364| 0.2340| 0.0070| 0.0400| 0.0040|241| 67.0| 9.0|336
 042.81246| -3.88003|2MASSI J0251148-035245 | 1.1280| 0.0130|-1.8260| 0.0200|210|122.0|11.0|730
 043.10953| +0.93955|2MASS J02522628+0056223|-0.1750| 0.0070|-0.1000| 0.0050|241| 27.2| 2.5|1291
 043.25370|+16.88123|2MASS J02530084+1652532| 3.4040| 0.0050|-3.8070| 0.0050|223| 92.9| 1.0|1292
 043.76535|-47.01433|DENIS-P J0255-4700 | 1.0700| 0.1100|-0.6200| 0.1100|236| 30.0| 3.0|725
 044.00787| +1.17965|SDSS J025601.86+011047.2 | 0.0250| 0.0150|-0.0680| 0.0150|219| 27.0| 6.0|
 044.35762|-31.09783|2MASS J02572581-3105523| 0.6020| 0.0180| 0.3200| 0.0210|219| 31.0| 2.0|
 045.50512|+13.97059|2MASSI J0302012+135814 | 0.0550| 0.0150|-0.0370| 0.0160|219| 19.0| 5.0|
 045.83847| -0.16051|SDSSp J030321.24-000938.2| 0.0250| 0.0170|-0.0230| 0.0170|219| 12.0| 6.0|
 046.61190|+15.75378|2MASSW J0306268+154514 | 0.2120| 0.0170|-0.0710| 0.0180|219| 38.0| 7.0|
 047.28706|-19.82743|2MASSW J0309088-194938 | 0.1840| 0.0160|-0.0380| 0.0170|219| 27.0| 4.0|
 047.50210| +7.44734|2MASS J03100053+0726506| 0.5390| 0.0220| 0.2540| 0.0220|219| 67.0| 7.0|
 047.55833|-27.94590|2MASS J03101401-2756452|-0.1160| 0.0160|-0.0520| 0.0180|219| 15.0| 2.0|326
 047.74938|+16.80431|2MASSW J0310599+164816 |-0.7060| 0.0190| 0.1190| 0.0200|219| 63.0| 4.0|
 048.43513| +4.55458|2MASS J03134443+0433165|-0.0490| 0.0220| 0.0060| 0.0220|219|8.0| 4.0|
 048.51431|+16.05155|2MASS J03140344+1603056|-0.2410| 0.0180|-0.0760| 0.0190|219| 17.0| 2.0|578
 048.66710| -4.84215|2MASS J03144011-0450316|-0.0680| 0.0180|-0.1190| 0.0180|219| 14.0| 2.0|327
 049.18804|-28.81450|2MASSI J0316451-284852 | 0.1070| 0.0170|-0.0810| 0.0190|219| 23.0| 4.0|328
 049.72526|-34.35811|2MASS J03185403-3421292| 0.3650| 0.0160| 0.0170| 0.0190|219| 25.0| 2.0|330
 050.07167|-10.43681|2MASS J03201720-1026124| 0.0130| 0.0180|-0.1000| 0.0180|219| 17.0| 3.0|331
 050.11819| -4.77680|2MASSW J0320284-044636 |-0.2670| 0.0160|-0.5330| 0.0160|219| 75.0|13.0|
 050.24877|+18.90632|2MASS J03205965+1854233| 0.3493| 0.0005|-0.2557| 0.0006|215| 29.8| 0.3|320
 050.79176|-46.52325|2MASS J03231002-4631237| 0.0600| 0.0130|-0.0100| 0.0190|219| 16.0| 4.0|577
 051.25594|+22.88433|2MASS J03250136+2253039| 0.4050| 0.0130|-0.1460| 0.0140|219| 73.0| 7.0|
 051.47176| +4.42795|SDSS J032553.17+042540.1 |-0.1830| 0.0140|-0.0990| 0.0140|219| 18.0| 3.0|1295
 051.55695|+29.83759|2MASSW J0326137+295015 |-0.0188| 0.0008| 0.0668| 0.0008|215| 10.6| 0.5|1296
 051.67608|-21.03496|2MASS J03264225-2102057| 0.1080| 0.0140|-0.1460| 0.0150|219| 35.0| 5.0|872
 051.92047|-31.80433|2MASS J03274091-3148156| 0.0380| 0.0170| 0.0180| 0.0200|219| 10.0| 4.0|589
 052.07241| +0.54922|SDSSp J032817.38+003257.2| 0.1950| 0.0130| 0.0330| 0.0130|219| 43.0| 5.0|
 052.14429|+11.49764|2MASS J03283463+1129515| 0.5480| 0.0100| 0.2470| 0.0100|228| 52.0| 4.0|570
 052.17772|+23.03471|2MASSI J0328426+230205 | 0.0130| 0.0030|-0.0600| 0.0050|244|8.7| 1.3|214
 052.52124|+24.09111|2MASS J03300506+2405281| 0.1750| 0.0190|-0.0500| 0.0190|229| 18.0| 5.0|
 052.57391| +0.01323|SDSSp J033017.77+000047.8|-0.0110| 0.0180|-0.0460| 0.0180|219| 20.0| 8.0|
 052.64643| -0.42640|SDSSp J033035.13-002534.5| 0.3940| 0.0150|-0.3360| 0.0150|219| 69.0| 7.0|406
 052.87606|-30.71076|2MASS J03313025-3042383| 0.0570| 0.0010|-0.4030| 0.0060|202| 26.0||874
 053.00179|-23.29708|2MASS J03320043-2317496|-0.0130| 0.0200|-0.1530| 0.0220|219| 23.0| 4.0|
 053.55037|-49.89225|2MASS J03341218-4953322| 2.3080| 0.0120| 0.4800| 0.0190|219|107.0| 7.0|63
 053.93896| +6.96828|2MASS J03354535+0658058| 0.0290| 0.0210|-0.3330| 0.0210|219| 45.0| 5.0|
 054.26502|-17.96883|2MASSW J0337036-175807 | 0.1910| 0.0310| 0.1150| 0.0330|219| 31.0| 5.0|252
 054.89683|-35.42880|2MASS J03393521-3525440| 0.3240| 0.0080| 0.2960| 0.0070|242| 10.4| 0.3|153
 055.03897|-67.40125|2MASS J03400942-6724051|-0.3180| 0.0070| 0.5080| 0.0180|219| 32.0|10.0|
 055.56760|-68.29224|2MASS J03421621-6817321| 0.0640| 0.0070| 0.0210| 0.0180|219| 26.0| 5.0|156
 056.42983|+25.67314|2MASP J0345432+254023|-0.0960| 0.0003|-0.0357| 0.0004|215| 13.1| 0.2|825
 057.03215|-60.37419|2MASS J03480772-6022270|-0.2800| 0.0400|-0.7200| 0.0400|208| 32.0| 5.0|
 057.70254| -5.30349|SDSS J035048.62-051812.8 | 0.0120| 0.0220|-0.0280| 0.0220|219| 11.0| 8.0|
 057.73917|+18.30190|2MASS J03505737+1818069| 0.1930| 0.0100|-0.0240| 0.0100|228| 21.0| 2.0|393
 057.75016| -0.87911|2MASS J03510004-0052452| 0.0367| |-0.5247| |246| 36.6| 1.0|392
 057.76763|+48.17992|SDSS J035104.37+481046.8 | 0.3120| 0.0190|-0.1800| 0.0290|219| 39.0| 5.0|1385
 058.04524| +2.17996|2MASS J03521086+0210479| 0.2620| 0.0250| 0.3730| 0.0250|222| 45.0| 4.0|548
 058.50575|+23.27604|2MASS J03540135+2316339| 0.1890| 0.0190|-0.0710| 0.0190|228| 20.0| 2.0|
 058.70229| -0.46166|SDSS J035448.73-002742.1 |-0.0110| 0.0220|-0.0190| 0.0220|219| 10.0|11.0|
 058.76989|-10.54487|2MASS J03550477-1032415| 0.0460| 0.0180|-0.0440| 0.0190|219|7.0| 2.0|351
 058.84737|+11.56214|2MASS J03552337+1133437| 0.1920| 0.0170|-0.6130| 0.0170|219| 25.0| 5.0|700
 058.92472|+22.95043|2MASSW J0355419+225702 | 0.1460| 0.0140|-0.0250| 0.0160|219| 34.0| 5.0|
 059.33795| -6.69055|SDSS J035721.11-064126.0 | 0.1090| 0.0120| 0.0080| 0.0120|219| 36.0| 5.0|
 059.36230|-44.29181|DENIS-P J035726.9-441730 | 0.0640| 0.0130|-0.0200| 0.0190|219|7.0| 2.0|225
 059.59396|-41.26833|2MASS J03582255-4116060| 0.0510| 0.0150| 0.0750| 0.0200|219| 10.0| 2.0|223
 060.37404|-40.84579|2MASS J04012977-4050448|-0.0360| 0.0150|-0.1020| 0.0200|219| 19.0| 4.0|222
 061.78133|+15.77936|2MASS J04070752+1546457| 0.0490| 0.0190|-0.0440| 0.0200|219| 10.0| 3.0|229
 061.78688|+15.24902|2MASS J04070885+1514565| 0.1060| 0.0160|-0.1100| 0.0170|219| 12.0| 2.0|1386
 062.04300| +7.71372|2MASS J04081032+0742494| 0.1620| 0.0200| 0.0950| 0.0200|219| 27.0| 4.0|
 062.12111|-14.84266|2MASSI J0408290-145033 | 0.1880| 0.0170|-0.1310| 0.0180|219| 26.0| 3.0|51
 062.28964|+21.07749|2MASSI J0409095+210439 | 0.0940| 0.0150|-0.1450| 0.0160|219| 30.0| 4.0|
 063.33498| -1.24022|SDSSp J041320.38-011424.9| 0.0700| 0.0170| 0.0010| 0.0170|219| 16.0| 4.0|
 063.83210| -9.58501|2MASSI J0415195-093506 | 2.1930| 0.0030| 0.5270| 0.0020|244| 61.4| 1.0|32
 064.40619| -8.00021|2MASS J04173745-0800007| 0.4900| 0.0900|-0.0500| 0.0900|236| 40.0| 8.0|
 064.44765|-21.48863|2MASS J04174743-2129191| 0.0720| 0.0170| 0.0220| 0.0180|219| 12.0| 3.0|542
 065.28002|-63.10055|2MASS J04210718-6306022| 0.1460| 0.0080| 0.1910| 0.0180|219| 36.0| 4.0|
 065.95230| -4.23428|SDSSp J042348.57-041403.5|-0.3230| 0.0030| 0.0820| 0.0020|244| 24.0| 0.6|794
 065.97170| -0.11639|2MASS J04235322-0006587|-0.1300| 0.1600|-0.2400| 0.1500|209| 38.0|21.0|793
 066.78012| +8.98408|2MASS J04270723+0859027|-0.1210| 0.0210|-0.0050| 0.0210|219| 13.0| 2.0|
 067.21237|-22.88959|2MASSI J0428510-225323 | 0.1130| 0.0120| 0.1550| 0.0130|219| 19.0| 2.0|348
 067.32678|-31.39908|2MASS J04291842-3123568| 0.0850| 0.0040| 0.1020| 0.0050|202|9.5||349
 067.71487| -8.81692|2MASS J04305157-0849007|-0.0210| 0.0170|-0.1710| 0.0180|219| 19.0| 2.0|608
 068.81063|-14.24633|2MASS J04351455-1414468| 0.0090| 0.0140| 0.0160| 0.0140|219|1.0| 1.0|756
 068.81722|-16.11585|2MASS J04351612-1606574| 0.1670| 0.0130| 0.3130| 0.0240|217| 14.0| 2.0|755
 069.11529|+11.85675|2MASS J04362767+1151243| 0.1170| 0.0200|-0.0090| 0.0200|219| 16.0| 4.0|760
 069.11619|-41.24625|2MASS J04362788-4114465| 0.0730| 0.0120| 0.0130| 0.0160|219|9.0| 2.0|759
 069.20919|-18.05728|2MASS J04365019-1803262| 0.2040| 0.0170|-0.0150| 0.0180|219| 37.0| 5.0|758
 069.75417|-23.88569|2MASSI J0439010-235308 |-0.1100| 0.0150|-0.1520| 0.0160|219| 10.0| 1.0|502
 070.09699| -5.50223|2MASS J04402325-0530082| 0.3300| 0.0380| 0.1330| 0.0150|217| 16.0| 3.0|500
 070.77420|-32.03577|2MASSI J0443058-320209 |-0.0130| 0.0150| 0.2110| 0.0180|219| 24.0| 3.0|
 070.90672| +0.03472|2MASS J04433761+0002051| 0.0280| 0.0140|-0.0990| 0.0140|219|8.0| 2.0|751
 071.06162| +5.73258|2MASS J04441479+0543573| 0.0950| 0.0210|-0.0060| 0.0210|219| 14.0| 3.0|
 071.29664| -6.04794|2MASS J04451119-0602526| 0.0470| 0.0170| 0.0070| 0.0180|219|7.0| 3.0|265
 071.38473|-36.70716|2MASS J04453237-3642258| 0.4540| 0.0180|-0.0080| 0.0230|219| 50.0| 7.0|
 071.47452|-30.80578|2MASSI J0445538-304820 | 0.1830| 0.0130|-0.3930| 0.0150|219| 34.0| 3.0|723
 071.92944|-19.60127|2MASS J04474307-1936045| 0.0690| 0.0220| 0.0880| 0.0230|219| 14.0| 4.0|136
 072.75391|-34.03746|2MASSI J0451009-340214 | 0.1070| 0.0170| 0.1380| 0.0210|219| 18.0| 2.0|36
 073.04156|-22.75251|LEHPM 2-59 | 0.4330| 0.1000|-0.5750| 0.1000|247|235.0||
 073.36031|-17.86509|2MASSI J0453264-175154 | 0.0370| 0.0170|-0.0210| 0.0180|219|6.0| 3.0|30
 073.88615|-27.03039|2MASS J04553267-2701493| 0.0780| 0.0160|-0.1190| 0.0170|219| 27.0| 5.0|654
 074.35688|+68.15491|2MASS J04572565+6809177| 0.0660| 0.0100|-0.1930| 0.0100|228| 25.0| 2.0|
 075.08750| +3.51393|2MASS J05002100+0330501|-0.0020| 0.0210|-0.3490| 0.0210|219| 22.0| 3.0|455
 075.35031| -0.17927|2MASS J05012406-0010452| 0.1580| 0.0140|-0.1390| 0.0140|219| 24.0| 5.0|449
 075.55606|+14.71019|2MASSI J0502134+144236 | 0.0600| 0.0120|-0.0220| 0.0120|219| 10.0| 2.0|
 077.20607|-16.78807|2MASS J05084947-1647167|-0.1970| 0.0180|-0.3620| 0.0180|219| 64.0| 6.0|147
 077.64667|-42.13719|2MASS J05103520-4208140| 0.1040| 0.0150| 0.5800| 0.0210|219| 50.0| 6.0|1387
 077.75680|-46.10041|2MASS J05110163-4606015| 0.0670| 0.0200| 0.1590| 0.0210|227| 27.0| 4.0|210
 078.02649|-29.83164|2MASSI J0512063-294954 |-0.0280| 0.0160| 0.0990| 0.0180|219| 13.0| 3.0|791
 079.03928| -4.76394|2MASS J05160945-0445499|-0.2700| 0.0300|-0.2100| 0.0300|208| 20.0| 3.0|1303
 079.06656|-33.53456|2MASS J05161597-3332046| 0.0590| 0.0160| 0.1840| 0.0190|219| 40.0| 8.0|448
 079.27284|-41.91147|2MASS J05170548-4154413| 0.0890| 0.0150| 0.0160| 0.0210|219| 11.0| 2.0|1119
 079.40706|-33.81750|2MASS J05173766-3349027| 0.4280| 0.0050|-0.3060| 0.0040|202| 42.6||92
 079.69234|-27.94602|2MASS J05184616-2756457| 0.0200| 0.0130| 0.0220| 0.0140|219|7.0| 3.0|91
 079.74977|-28.47708|2MASS J05185995-2828372|-0.0650| 0.0160|-0.2820| 0.0190|219| 47.0| 9.0|90
 080.90928|-14.05056|2MASSI J0523382-140302 | 0.0900| 0.0170| 0.1660| 0.0170|219| 12.0| 1.0|721
 081.68117|-44.92932|2MASS J05264348-4455455| 0.0130| 0.0140|-0.1680| 0.0140|222| 25.0| 3.0|
 081.74888|-50.43933|2MASS J05265973-5026216| 0.0080| 0.0120| 0.2270| 0.0200|219| 38.0| 5.0|128
 082.18478|-32.87298|2MASS J05284435-3252228|-0.0290| 0.0160| 0.0660| 0.0180|219| 10.0| 3.0|718
 083.22627|+82.77921|2MASS 0532+8246| 1.9900| 0.1300|-1.6700| 0.1100|247|247.0||
 083.74347|-15.19550|2MASS J05345844-1511439|-0.1150| 0.0180| 0.0850| 0.0180|219| 15.0| 2.0|719
 084.08326|-19.34434|2MASS J05361998-1920396| 0.0170| 0.0170|-0.0240| 0.0180|219|8.0| 5.0|720
 084.54209| -2.60722|SOri 70| 0.0100| 0.0040| 0.0050| 0.0040|245|4.0| 2.0|
 084.85335|+40.64522|2MASS J05392474+4038437| 0.6540| 0.0100|-0.8310| 0.0100|228| 49.0| 4.0|
 084.96672| -0.98376|SDSSp J053951.99-005902.0| 0.1640| 0.0020| 0.3160| 0.0030|244| 22.2| 0.7|
 086.04796|-24.55069|2MASS J05441150-2433018| 0.1400| 0.0300|-0.6900| 0.0300|236| 63.0| 6.0|
 089.74437|-29.05999|APMPM 0559-2903| 0.3700| 0.0200| 0.0600| 0.0200|247|126.0||
 089.82991|-14.08032|2MASS J05591914-1404488| 0.5630| 0.0010|-0.3460| 0.0010|215| 32.1| 0.4|595
 090.14062|-33.24075|2MASS J06003375-3314268|-0.0150| 0.0100| 0.1190| 0.0110|209| 16.0| 2.0|765
 090.52660|+40.73299|2MASS J06020638+4043588| 0.2430| 0.0110|-0.2120| 0.0150|219| 21.0| 3.0|1388
 090.62694|+39.18294|LSR 0602+3910| 0.1460| 0.0100|-0.5010| 0.0100|228| 28.0| 2.0|
 091.25815|-23.70748|2MASS J06050196-2342270|-0.0570| 0.0170| 0.0820| 0.0180|219| 17.0| 4.0|771
 092.00968|-29.74969|2MASS J06080232-2944590| 0.0300| 0.0200| 0.1000| 0.0200|209| 16.0| 3.0|412
 092.22012|-27.89953|2MASS J06085283-2753583|-0.0130| 0.0110|-0.0020| 0.0130|219|2.0| 1.0|413
 092.64496|-21.86687|Gl 229B|-0.1370| 0.0006|-0.7141| 0.0009|234| 19.9| 0.1|
 093.95566| -1.01155|DENIS-P J0615493-010041| 0.2260| 0.0120|-0.0750| 0.0140|235| 22.0| 4.0|
 094.02216|-45.95222|2MASS J06160532-4557080|-0.0570| 0.0140| 0.1140| 0.0200|219| 22.0| 4.0|341
 094.80392|-58.05580|AB Pic b | 0.0141| 0.0008| 0.0452| 0.0010|234| 10.2| 0.4|
 094.89767|-52.82686|2MASS J06193544-5249367| 0.0570| 0.0120| 0.1720| 0.0200|219| 23.0| 3.0|342
 096.19146|-45.36521|2MASS J06244595-4521548|-0.0450| 0.0110| 0.3700| 0.0150|219| 24.0| 4.0|376
 096.58838| +0.49280|SDSS J062621.22+002934.2 | 0.0840| 0.0150|-0.0920| 0.0150|219| 36.0| 5.0|
 098.10008|-50.17636|2MASS J06322402-5010349|-0.1030| 0.0130|-0.0180| 0.0210|219| 15.0| 2.0|345
 099.98317|-74.31239|2MASS J06395596-7418446| 0.0000| 0.0050|-0.0020| 0.0190|219|0.0| 2.0|157
 100.32672|-43.37569|2MASS J06411840-4322329| 0.1890| 0.0130| 0.6130| 0.0180|219| 64.0| 5.0|110
 101.06000|-28.69493|2MASS J06441439-2841417| 0.1550| 0.0110|-0.0360| 0.0110|209| 26.0| 3.0|647
 102.33915|+43.75918|HD 49197B|-0.0350| 0.0070|-0.0490| 0.0060|234| 12.7| 1.4|
 103.08231|-25.58067|DENIS-P J0652197-253450|-0.2330| 0.0050| 0.0860| 0.0030|235| 19.0| 1.0|838
 103.12802|+47.17637|2MASSI J0652307+471034 |-0.0500| 0.0300| 0.1200| 0.0500|236|7.0| 3.0|395
 103.20196|-57.69378|2MASS J06524851-5741376|-0.0070| 0.0080| 0.0250| 0.0150|219|4.0| 2.0|109
 103.52349|+65.46809|SDSS J065405.63+652805.4 |-0.0150| 0.0060| 0.0300| 0.0150|219|5.0| 2.0|
 104.35605|-40.32038|2MASS J06572547-4019134|-0.2200| 0.0300| 0.0260| 0.0110|209| 24.0| 4.0|391
 104.48233|+40.49491|2MASS J06575576+4029420| 0.0010| 0.0100|-0.2760| 0.0100|228| 35.0| 3.0|390
 105.15274|+31.95712|2MASS J07003664+3157266| 0.1300| 0.0010|-0.5460| 0.0010|240| 32.4| 0.8|652
 106.97196|-49.01399|2MASS J07075327-4900503|-0.0100| 0.0050| 0.3910| 0.0070|242| 34.9| 3.0|691
 107.08890|+29.84293|2MASSW J0708213+295035 | 0.0400| 0.0140|-0.2360| 0.0160|219| 41.0| 5.0|
 108.51641|+37.04608|2MASS J07140394+3702459|-0.1100| 0.0300|-0.1700| 0.0300|236| 14.0| 2.0|849
 109.19958| -6.51026|DENIS-P J0716478-063037|-0.0160| 0.0130| 0.1210| 0.0050|235| 14.0| 2.0|
 109.31774|+57.09529|2MASSW J0717163+570543 |-0.0160| 0.0090| 0.0460| 0.0160|219|3.0| 1.0|848
 109.88282|-50.86139|2MASS J07193188-5051410| 0.1900| 0.0130|-0.0600| 0.0200|219| 28.0| 3.0|847
 110.81095|+57.45218|2MASS J07231462+5727081| 0.0620| 0.0110|-0.2380| 0.0200|219| 29.0| 4.0|599
 111.82667|+17.16653|2MASSI J0727182+171001 | 1.0460| 0.0040|-0.7670| 0.0030|244| 55.8| 1.2|34
 112.24989|-39.90079|2MASS J07290002-3954043|-0.5780| 0.0140| 1.6360| 0.0180|219| 45.0|10.0|1313
 114.84190|+66.25106|SDSS J073922.26+661503.5 | 0.1800| 0.0100|-0.0770| 0.0260|219| 31.0| 5.0|1390
 114.93271|+13.08519|2MASS J07394386+1305070|-0.0690| 0.0100|-0.1450| 0.0100|228| 28.0| 3.0|784
 115.02955|+20.15594|SDSS J074007.30+200921.9 |-0.1850| 0.0150|-0.1110| 0.0160|219| 37.0|10.0|
 115.04023|+32.20085|2MASSW J0740096+321203 |-0.0290| 0.0100|-0.0840| 0.0120|219| 16.0| 3.0|
 115.27825|+17.64577|2MASS J07410681+1738459|-0.1980| 0.0100|-0.5060| 0.0100|228| 46.0| 6.0|
 115.45485|+23.85756|SDSS J074149.15+235127.5 |-0.2430| 0.0130|-0.1430| 0.0140|219| 24.0| 3.0|1720
 115.50522|+20.92202|SDSS J074201.41+205520.5 |-0.3160| 0.0180|-0.2550| 0.0200|219| 34.0| 4.0|1315
 116.67710|+20.00888|2MASSI J0746425+200032 |-0.3740| 0.0003|-0.0579| 0.0007|215| 21.9| 0.1|119
 116.98466|+39.79245|SDSS J074756.31+394732.9 | 0.0520| 0.0120|-0.0570| 0.0150|219| 17.0| 3.0|
 117.81830|-25.51196|DENIS-P J0751164-253043|-0.8850| 0.0030| 0.1420| 0.0050|235| 58.0| 5.0|101
 118.09970|+16.20414|2MASS J07522390+1612157| 0.1820| 0.0100|-0.3590| 0.0100|228| 20.0| 2.0|358
 118.24757|+41.60957|SDSS J075259.43+413634.6 |-0.0140| 0.0200| 0.0410| 0.0270|219| 17.0|11.0|
 118.38399|+29.28659|2MASSI J0753321+291711 |-0.0900| 0.0120|-0.1020| 0.0130|219| 28.0| 3.0|
 118.81361|+29.57921|SDSS J075515.26+293445.4 |-0.0920| 0.0190|-0.0740| 0.0220|219| 35.0|15.0|
 118.94978|+22.20461|2MASSI J0755480+221218 |-0.0340| 0.0160|-0.2480| 0.0170|219| 21.0| 2.0|1420
 119.10538|+12.74885|2MASSI J0756252+124456 | 0.0040| 0.0150|-0.0560| 0.0160|219|8.0| 2.0|
 119.23468|+23.24931|SDSS J075656.54+231458.5 | 0.1580| 0.0160|-0.1560| 0.0170|219| 68.0|14.0|
 119.66810|+32.78997|SDSS J075840.33+324723.4 |-0.1910| 0.0140|-0.3490| 0.0170|219| 22.0| 1.0|1394
 119.87279| +3.39900|2MASS J07592947+0323564|-0.0520| 0.0200|-0.0030| 0.0200|219| 11.0| 4.0|727
 120.41886|+46.48034|2MASSW J0801405+462850 |-0.2000| 0.0090|-0.3350| 0.0130|219| 48.0| 4.0|
 121.02414|+61.89249|2MASS J08040580+6153336|-0.0500| 0.0200|-0.6300| 0.0400|236| 54.0| 8.0|459
 121.05954| +3.51317|2MASS J08041429+0330474|-0.0060| 0.0200|-0.0130| 0.0200|219|2.0| 3.0|460
 121.38269|+48.20918|SDSS J080531.84+481233.0 |-0.4550| 0.0120| 0.0540| 0.0180|219| 32.0| 6.0|1540
 121.85860|+32.21946|2MASS J08072607+3213101|-0.3560| 0.0100|-0.2480| 0.0100|228| 33.0| 3.0|231
 122.49596|+44.57267|SDSS J080959.01+443422.2 |-0.1980| 0.0140|-0.2140| 0.0190|219| 35.0| 7.0|235
 122.74435|+14.34409|2MASS J08105865+1420390|-0.0340| 0.0190|-0.1280| 0.0190|229| 13.0| 2.0|378
 123.13211|-24.74512|DENIS-P J0812316-244442| 0.0960| 0.0040|-0.1650| 0.0060|235| 17.0| 3.0|
 123.80863|+10.50325|2MASS J08151407+1030117|-0.0590| 0.0200| 0.0480| 0.0200|219|8.0| 2.0|
 124.74199|+23.56433|2MASS J08185804+2333522| 0.2630| 0.0100|-0.3140| 0.0100|228| 37.0| 4.0|770
 124.94170|+16.98163|2MASS J08194602+1658539|-0.1600| 0.0160|-0.0350| 0.0170|219| 23.0| 4.0|772
 125.12476|+45.00860|2MASSW J0820299+450031 |-0.1110| 0.0090|-0.3230| 0.0120|219| 46.0| 4.0|773
 125.12554|+10.62700|SDSS J082030.12+103737.0 |-0.0770| 0.0170|-0.0260| 0.0170|219| 11.0| 3.0|
 125.76305|-49.20033|DENIS-P J0823031-491201|-0.1370| 0.0040| 0.0170| 0.0010|235| 12.0| 1.0|
 125.95074|+24.48270|2MASS J08234818+2428577|-0.1700| 0.0140| 0.0620| 0.0150|219| 25.0| 3.0|617
 126.33170|+21.26431|2MASSI J0825196+211552 |-0.5100| 0.0020|-0.2880| 0.0020|215| 29.6| 0.3|512
 127.14235|-13.15548|DENIS-P J0828343-130919|-0.5470| 0.0180| 0.0780| 0.0100|235| 38.0| 5.0|
 127.27764|+14.93944|2MASSW J0829066+145622 |-0.0480| 0.0100|-0.2440| 0.0100|219| 36.0| 3.0|
 127.38517| -2.64842|2MASS J08293244-0238543| 0.0040| 0.0060|-0.0030| 0.0060|209|1.0| 1.0|263
 127.45445| -0.20665|2MASS J08294908-0012241|-0.1970| 0.0170| 0.1750| 0.0170|219| 45.0|12.0|262
 127.48773|+26.91939|2MASSW J0829570+265510 |-0.0990| 0.0150|-0.0430| 0.0170|219| 16.0| 3.0|
 127.53395|+48.47984|SDSSp J083008.12+482847.4|-1.0060| 0.0060|-0.7700| 0.0050|244| 78.6| 3.6|738
 127.63569| +9.78761|2MASS J08303256+0947153|-0.5000| 0.0030|-0.4490| 0.0040|212| 53.3| 4.1|739
 127.70324| +1.47531|SDSS J083048.80+012831.1 | 0.2360| 0.0200|-0.3120| 0.0200|219| 43.0| 6.0|251
 127.98325|+10.42826|2MASS J08315598+1025417|-0.0490| 0.0210|-0.1840| 0.0210|219| 24.0| 3.0|740
 128.01881| -1.47667|2MASSW J0832045-012835 | 0.0700| 0.0150| 0.0030| 0.0150|219|8.0| 2.0|
 128.77586|+19.88469|SDSS J083506.16+195304.4 |-0.1580| 0.0130|-0.1080| 0.0140|219| 32.0| 4.0|356
 128.84860|+10.49221|2MASS J08352366+1029318|-0.0500| 0.0220|-0.1790| 0.0220|219| 27.0| 4.0|
 128.92720| -8.32317|2MASSI J0835425-081923 |-0.5300| 0.0300| 0.3000| 0.0300|236| 20.0| 2.0|216
 128.99288| +5.80856|2MASS J08355829+0548308|-0.0990| 0.0210|-0.0200| 0.0210|219| 11.0| 3.0|72
 129.32158| -0.00497|SDSSp J083717.22-000018.3|-0.0150| 0.0080|-0.1720| 0.0170|244| 24.0|12.0|437
 129.81697|+12.89834|2MASS J08391608+1253543|-0.0440| 0.0150|-0.1270| 0.0160|219| 18.0| 2.0|861
 131.86970|-15.54371|2MASSI J0847287-153237 | 0.1450| 0.0120|-0.1830| 0.0130|219| 19.0| 2.0|614
 132.50722|-19.40510|2MASS J08500174-1924184|-0.1160| 0.0170| 0.0450| 0.0180|219| 13.0| 2.0|616
 132.64962|+10.95433|2MASSs J0850359+105716 |-0.1450| 0.0020|-0.0080| 0.0020|215| 17.5| 1.6|447
 132.81772|+18.29171|SDSS J085116.20+181730.0 |-0.1950| 0.0180|-0.0500| 0.0190|219| 48.0|15.0|
 133.14539|+47.34318|SDSS J085234.90+472035.0 |-0.0690| 0.0180|-0.4180| 0.0260|219| 38.0| 5.0|
 133.40065| -3.49231|2MASS J08533619-0329321|-0.5096| 0.0008|-0.2004| 0.0003|233| 22.1| 0.3|355
 134.19963|+22.58839|2MASSI J0856479+223518 |-0.2080| 0.0170|-0.0060| 0.0180|219| 34.0| 8.0|748
 134.36608| -3.54435|2MASS J08572787-0332396|-0.1500| 0.0180|-0.0560| 0.0180|219| 27.0| 4.0|745
 134.49369|+57.14760|SDSSp J085758.45+570851.4|-0.4130| 0.0060|-0.3490| 0.0120|219| 25.0| 2.0|234
 134.64401|+32.94101|SDSS J085834.42+325627.7 |-0.7600| 0.0230| 0.0750| 0.0230|219| 66.0| 3.0|1395
 134.85605|-19.82413|2MASSI J0859254-194926 |-0.3000| 0.0130|-0.0810| 0.0140|219| 28.0| 3.0|743
 134.91058|+63.69319|2MASS J08593854+6341355|-0.0960| 0.0190|-0.4950| 0.0420|219| 59.0| 9.0|
 134.91788|+11.75903|2MASS J08594029+1145325|-0.2750| 0.0210|-0.0600| 0.0210|219| 28.0| 3.0|232
 135.56080| -6.70276|2MASS J09021459-0642099| 0.0140| 0.0100|-0.0390| 0.0090|209|8.0| 2.0|482
 135.89640| -6.62600|2MASS J09033514-0637336|-0.0730| 0.0070| 0.0130| 0.0060|209| 14.0| 2.0|485
 136.44392|+56.38658|2MASS J09054654+5623117|-0.0140| 0.0170| 0.0890| 0.0310|219| 10.0| 4.0|239
 137.15832|+50.53567|2MASSI J0908380+503208 |-0.3950| 0.0260|-0.4780| 0.0150|210| 46.0| 4.0|37
 137.25354|+65.42431|SDSS J090900.73+652527.2 |-0.2170| 0.0030|-0.1380| 0.0080|219| 28.0| 1.0|538
 137.48948| -6.97183|DENIS-P J0909-0658 |-0.2100| 0.0180| 0.0150| 0.0190|219| 27.0| 3.0|1325
 137.80408|+74.01893|2MASS J09111297+7401081|-0.2000| 0.0400|-0.1700| 0.0400|236| 21.0| 4.0|323
 138.06089|+14.99448|Gl 337CD |-0.5240| 0.0010| 0.2451| 0.0005|234| 56.2| 1.1|
 138.26335|+18.69715|2MASSW J0913032+184150 | 0.0320| 0.0160|-0.1870| 0.0170|219| 41.0| 5.0|
 138.26845| -7.55122|2MASS J09130443-0733042|-0.0500| 0.0500|-0.2000| 0.0500|209| 24.0| 6.0|39
 138.89224| +4.36791|2MASS J09153413+0422045|-0.1090| 0.0250| 0.0310| 0.0250|219|8.0| 2.0|312
 139.06255|+21.66419|2MASS J09161504+2139512|-0.1990| 0.0170|-0.0540| 0.0180|219| 22.0| 3.0|271
 139.65916|+21.56819|2MASSW J0918382+213406 | 0.3300| 0.0150|-0.1560| 0.0170|219| 75.0| 7.0|
 140.05086|+35.29515|2MASSW J0920122+351742 |-0.1670| 0.0090|-0.2000| 0.0100|219| 26.0| 4.0|1396
 140.30874|-21.07901|2MASS J09211410-2104446| 0.2440| 0.0160|-0.9080| 0.0170|219| 56.0| 4.0|484
 140.58133|-80.17775|2MASS J09221952-8010399| 0.0410| 0.0040|-0.0450| 0.0220|219|8.0| 3.0|490
 141.56406|+58.78923|SDSSp J092615.38+584720.9|-0.1900| 0.2500|-0.2300| 0.2700|204| 54.0|55.0|553
 141.98921|+60.46289|SDSS J092757.46+602746.3 | 0.0030| 0.0130| 0.0160| 0.0250|219|4.0| 6.0|
 142.10662|+42.51504|2MASS J09282562+4230545|-0.3900| 0.0190|-0.3780| 0.0250|219| 58.0| 9.0|
 142.16542|-16.05354|2MASSW J0928397-160312 |-0.1580| 0.0170| 0.0340| 0.0170|219| 31.0| 4.0|403
 142.78981| +3.45920|SDSS J093109.56+032732.5 |-0.6120| 0.0180|-0.1310| 0.0180|219|108.0|23.0|
 142.86763| +5.47287|2MASS J09312823+0528223|-0.1420| 0.0210|-0.2040| 0.0210|219| 31.0| 5.0|
 143.62154|-13.87879|2MASS J09342920-1352434|-0.2380| 0.0160|-0.1270| 0.0170|219| 37.0|10.0|657
 143.86679|-29.58321|2MASS J09352803-2934596|-0.0230| 0.0160| 0.0640| 0.0180|219|9.0| 3.0|121
 144.39520|+29.52814|2MASSI J0937347+293142 | 0.9730| 0.0050|-1.2980| 0.0060|244| 47.2| 1.1|648
 144.66760|-27.80511|2MASS J09384022-2748184|-0.4080| 0.0170|-0.1640| 0.0200|219| 49.0| 9.0|
 144.89782|-24.80772|2MASS J09393548-2448279| 0.5920| 0.0190|-1.0640| 0.0210|219| 57.0|12.0|1326
 145.69180|+55.51738|2MASS J09424604+5531025|-0.0660| 0.0180| 0.0850| 0.0320|219| 12.0| 5.0|
 146.01165|+31.52576|2MASSW J0944027+313132 | 0.0430| 0.0160|-0.0330| 0.0130|210| 11.0| 3.0|
 146.93654| +2.40909|2MASS J09474477+0224327|-0.0810| 0.0200|-0.1620| 0.0200|219| 22.0| 4.0|
 147.28584|-15.76347|2MASS J09490860-1545485|-0.1000| 0.0400| 0.0000| 0.0600|241| 10.0| 4.0|1329
 147.34262| +8.11255|2MASS J09492223+0806450| 0.0600| 0.0300|-0.9000| 0.0200|236| 67.0| 5.0|256
 147.77281|+35.96717|2MASSW J0951054+355801 |-0.1000| 0.0070|-0.1610| 0.0090|244| 56.0|33.0|1271
 148.33857|-10.23905|2MASS J09532126-1014205|-0.0480| 0.0190|-0.0890| 0.0190|219| 11.0| 2.0|415
 150.82979| -1.08552|2MASS J10031918-0105079|-0.4900| 0.0190| 0.0220| 0.0190|229| 49.0| 6.0|779
 151.08603|+50.38318|G 196-3B |-0.1330| 0.0400|-0.1850| 0.0150|210| 35.0| 5.0|
 151.16379|-33.58865|2MASSW J1004392-333518 | 0.3660| 0.0160|-0.3400| 0.0190|219| 45.0| 5.0|1331
 151.63307|-16.89064|2MASS J10063197-1653266|-0.2800| 0.0900| 0.1800| 0.0800|236| 26.0| 8.0|782
 151.79923|+19.51563|SDSS J100711.74+193056.2 |-0.2630| 0.0150|-0.0180| 0.0160|219| 34.0| 6.0|
 151.89041|-45.92075|2MASS J10073369-4555147|-0.7580| 0.0130| 0.1380| 0.0190|219| 53.0| 7.0|1332
 152.56158| -4.11386|2MASSI J1010148-040649 |-0.3210| 0.0160| 0.0200| 0.0130|210| 27.0| 3.0|287
 152.75095|+42.75093|2MASS J10110024+4245035|-0.1340| 0.0060|-0.1490| 0.0060|241| 31.4| 3.2|290
 153.28064|-13.93926|SSSPM 1013-1356| 0.0660| 0.0070|-1.0260| 0.0040|247|147.0||
 154.14453|+27.86355|2MASS J10163470+2751497|-0.0890| 0.0190|-0.5020| 0.0190|229| 35.0| 3.0|
 154.28145|+13.14433|2MASSI J1017075+130839 | 0.0610| 0.0220|-0.0940| 0.0120|210| 17.0| 4.0|535
 154.67978|-16.40759|2MASS J10184314-1624273| 0.0530| 0.0150|-0.0170| 0.0160|219| 10.0| 3.0|533
 154.74488|-29.16488|2MASSW J1018588-290953 |-0.3190| 0.0170|-0.0860| 0.0190|219| 44.0| 4.0|1335
 155.29032| -3.07216|SDSS J102109.69-030420.1 |-0.1710| 0.0030|-0.0660| 0.0030|243| 25.2| 2.4|361
 155.36408|+50.91788|2MASS J10212742+5055043|-0.3780| 0.0020| 0.0560| 0.0010|241| 49.9| 8.5|1336
 155.38460|-20.73526|2MASS J10213232-2044069|-0.3120| 0.0160|-0.0510| 0.0170|219| 33.0| 3.0|
 155.52038| +2.01326|2MASS J10220489+0200477|-0.1730| 0.0180|-0.3980| 0.0160|210| 69.0|10.0|602
 155.56197|+41.24066|HD 89744B|-0.1202| 0.0006|-0.1386| 0.0005|234| 33.9| 0.9|
 155.70089|+58.42927|2MASS J10224821+5825453|-0.3600| 0.1000|-0.7800| 0.0900|236| 81.0| 9.0|604
 156.04146|+18.26477|2MASS J10240997+1815533|-0.1440| 0.0190|-0.0700| 0.0190|229| 13.0| 2.0|632
 156.46787|+32.20966|SDSS J102552.43+321234.0 | 0.3930| 0.0110|-0.2280| 0.0130|219| 63.0|23.0|70
 157.16843|-14.64561|2MASS J10284042-1438439| 0.0240| 0.0160|-0.1620| 0.0160|219| 23.0| 4.0|377
 157.34043|+16.44774|2MASSI J1029216+162652 | 0.3590| 0.0150|-0.3480| 0.0170|210| 55.0| 5.0|
 158.07108| +5.01756|2MASS J10321706+0501032|-0.0320| 0.0210|-0.0120| 0.0210|219|5.0| 3.0|606
 158.34113|+40.09715|SDSS J103321.92+400549.5 | 0.1540| 0.0130|-0.1880| 0.0180|219| 53.0|10.0|
 158.85219|+25.12903|2MASSW J1035245+250745 |-0.1810| 0.0170|-0.2720| 0.0230|210| 55.0| 5.0|
 159.22104|-34.69399|2MASSW J1036530-344138 |-0.0200| 0.0150|-0.4620| 0.0190|219| 43.0| 4.0|1338
 159.88073|+32.94063|SDSS J103931.35+325625.5 | 0.0310| 0.0460|-0.0230| 0.0540|219|4.0| 5.0|1415
 160.78150|+22.42321|2MASS J10430758+2225236|-0.1400| 0.0000|-0.0200| 0.0000|236| 11.0| 1.0|286
 160.85446| +0.03001|SDSSp J104325.10+000148.2|-0.1610| 0.0190|-0.1560| 0.0190|219| 48.0| 6.0|
 160.89618|+12.22073|SDSS J104335.08+121314.1 | 0.0460| 0.0170|-0.2480| 0.0180|219| 24.0| 4.0|1339
 161.03925| +4.49378|SDSS J104409.43+042937.6 |-0.0020| 0.0120| 0.0940| 0.0100|210| 10.0| 1.0|1340
 161.32154|-26.12362|2MASS J10451718-2607249|-0.1620| 0.0170|-0.1460| 0.0190|219| 22.0| 3.0|
 161.34988| -1.83266|2MASSI J1045240-014957 |-0.4950| 0.0180| 0.0120| 0.0120|210| 40.0| 3.0|288
 161.87937|-18.26592|DENIS-P J1047-1815 |-0.3470| 0.0170| 0.0540| 0.0140|210| 37.0| 4.0|
 161.97340|+21.40624|2MASSI J1047538+212423 |-1.7140| 0.0070|-0.4890| 0.0040|244| 86.5| 3.5|1341
 162.06066|-39.93525|2MASS J10481463-3956062|-1.1750| 0.0050|-0.9930| 0.0050|213| 29.2| 0.2|130
 162.11612|-52.90499|DENIS-P J1048278-525418|-0.1790| 0.0090| 0.0330| 0.0170|235| 20.0| 3.0|
 162.12193| +9.32701|SDSS J104829.21+091937.8 |-0.2680| 0.0200| 0.2410| 0.0200|219| 46.0| 4.0|1416
 162.17839| +1.19945|SDSS J104842.84+011158.5 |-0.4420| 0.0130|-0.2090| 0.0120|210| 36.0| 3.0|387
 162.82916|+56.21905|2MASS J10511900+5613086|-0.2310| 0.0340|-0.2880| 0.0140|210| 27.0| 3.0|127
 163.05626|+44.38212|SDSS J105213.51+442255.7 | 0.0180| 0.0170|-0.1520| 0.0240|219| 12.0| 2.0|1417
 163.67369|+12.23565|2MASS J10544168+1214084| 0.1030| 0.0180|-0.0800| 0.0190|219| 12.0| 2.0|520
 163.94723| +8.14520|2MASS J10554733+0808427|-0.3500| 0.0200|-0.1000| 0.0300|236| 33.0| 3.0|357
 164.69933|-15.80476|DENIS-P J1058.7-1548 |-0.2529| 0.0005| 0.0414| 0.0004|215| 21.1| 0.4|524
 164.96415|-21.21901|2MASSI J1059513-211308 | 0.1340| 0.0170|-0.1580| 0.0140|210| 32.0| 3.0|268
 165.04015|+49.96301|2MASS J11000965+4957470|-0.1330| 0.0180|-0.1510| 0.0280|219| 29.0| 7.0|445
 165.54124|-34.50987|2MASS J11020983-3430355|-0.0330| 0.0120|-0.0240| 0.0150|219|4.0| 2.0|20
 165.64063|-23.99622|2MASSW J1102337-235945 |-0.2380| 0.0190| 0.0750| 0.0200|219| 57.0| 7.0|
 166.00529|+19.98935|2MASSI J1104012+195921 | 0.0750| 0.0150| 0.1390| 0.0200|219| 14.0| 2.0|266
 166.54990|+27.90629|2MASS J11061197+2754225|-0.2290| 0.0190|-0.4480| 0.0210|219| 26.0| 2.0|513
 167.12822|+68.50465|2MASSW J1108307+683017 |-0.2500| 0.0400|-0.2100| 0.0400|236| 26.0| 4.0|135
 167.54172| +1.27028|SDSSp J111010.01+011613.1|-0.2430| 0.0210|-0.2380| 0.0180|210| 17.0| 2.0|1345
 167.63837|+54.40077|2MASS J11103321+5424028|-0.0660| 0.0090|-0.2990| 0.0160|219| 41.0|10.0|
 168.10682|+35.80357|Gl 417BC |-0.2486| 0.0007|-0.1513| 0.0007|234| 30.0| 0.6|
 168.20458|-20.74207|2MASS J11124910-2044315| 0.0010| 0.0140| 0.0230| 0.0150|219|4.0| 3.0|
 168.32060| -0.04630|SDSS J111316.95-000246.6 | 0.0420| 0.0220| 0.0060| 0.0130|210|9.0| 5.0|
 168.33377|+34.51616|SDSS J111320.16+343057.9 | 0.1080| 0.0400|-0.0250| 0.0490|219| 40.0|16.0|1909
 168.71312|-26.30661|2MASS J11145133-2618235|-3.0300| 0.0400|-0.3600| 0.0400|241|140.0|22.0|1346
 169.40379|+36.15997|2MASSI J1117369+360936 | 0.0010| 0.0190|-0.0160| 0.0230|219|2.0| 4.0|777
 170.32742|+43.54622|SDSS J112118.57+433246.5 |-0.0570| 0.0240| 0.0260| 0.0330|219| 14.0| 6.0|
 170.45494|-13.21902|2MASS J11214924-1313084|-0.4650| 0.0007|-0.0503| 0.0007|233| 31.7| 1.0|22
 170.53438|-35.21014|2MASS J11220826-3512363|-0.1500| 0.0400|-0.2500| 0.0300|241| 20.0| 2.0|1403
 170.65102|-39.26820|2MASSW J1122362-391605 | 0.0730| 0.0120|-0.1800| 0.0150|219| 37.0| 4.0|
 170.90019|+12.68950|2MASS J11233605+1241222|-0.0360| 0.0170| 0.0090| 0.0170|219|8.0| 4.0|23
 170.98176|+41.37458|2MASSW J1123556+412228 |-0.1100| 0.0250|-0.0600| 0.0130|210| 31.0| 6.0|
 171.02037|+38.13482|2MASS J11240487+3808054| 0.1300| 0.0210|-0.0190| 0.0270|219| 12.0| 3.0|26
 171.56367| +1.34669|SDSS J112615.25+012048.2 |-0.1310| 0.0220| 0.0420| 0.0220|219| 23.0| 4.0|
 171.66588|-50.06520|2MASS J11263991-5003550|-1.5700| 0.0040| 0.4380| 0.0110|220|106.0|11.0|1411
 171.97275|+74.18545|2MASS J11275346+7411076|-0.0160| 0.0190|-0.0300| 0.0190|229|5.0| 3.0|
 172.10653|+78.51705|2MASS J11282557+7831016|-0.0080| 0.0100|-0.2710| 0.0100|228| 44.0|11.0|
 172.69831|-22.17608|2MASS J11304761-2210335|-0.1260| 0.0170|-0.2320| 0.0180|219| 43.0| 5.0|645
 173.72885| +0.38171|2MASS J11345493+0022541| 0.4010| 0.0210|-0.3430| 0.0210|219| 47.0| 4.0|139
 174.63785|+67.67783|SDSS J113833.10+674040.3 | 0.0240| 0.0140|-0.1270| 0.0370|219| 31.0| 9.0|
 174.79612| +8.68670|2MASS J11391107+0841121| 0.0890| 0.0210|-0.0250| 0.0220|219| 11.0| 3.0|
 174.96317|-31.98928|2MASS J11395113-3159214|-0.0710| 0.0140|-0.0170| 0.0160|219|6.0| 1.0|140
 175.43352|-22.53749|2MASS J11414406-2232156|-0.1410| 0.0190| 0.4000| 0.0190|229| 44.0| 5.0|40
 176.48812|+23.29157|2MASSW J1145572+231730 | 0.1550| 0.0160|-0.0560| 0.0060|210| 35.0| 4.0|
 176.64372|+22.51466|2MASSW J1146345+223053 | 0.0320| 0.0005| 0.0905| 0.0005|215| 12.4| 0.3|422
 176.74130|-39.23733|2MASS J11465791-3914144|-0.2920| 0.0120| 0.0040| 0.0100|227| 44.0| 4.0|783
 176.76976|+14.33605|2MASS J11470479+1420095|-0.3400| 0.0100| 0.1330| 0.0100|228| 56.0| 7.0|429
 177.01762| +2.90158|SDSS J114804.26+025405.7 | 0.0260| 0.0250|-0.0410| 0.0100|210| 17.0| 6.0|
 177.02091| +2.06415|SDSS J114805.02+020350.9 | 0.2370| 0.0260|-0.3220| 0.0130|210| 96.0| 8.0|
 177.22612|-25.74456|2MASS J11485427-2544404| 0.1470| 0.0180| 0.0470| 0.0200|219| 21.0| 3.0|
 178.17750|+24.63555|2MASS J11524266+2438079|-0.4510| 0.0320| 0.0360| 0.0350|219| 44.0| 6.0|659
 178.41529|+50.53591|2MASS J11533966+5032092| 0.0840| 0.0230| 0.0600| 0.0110|210| 13.0| 3.0|
 178.64162| +1.59847|2MASS J11543399+0135545| 0.1210| 0.0220|-0.0430| 0.0220|219| 13.0| 3.0|
 178.67592|-34.01083|2MASS J11544223-3400390|-0.1610| 0.0130| 0.0040| 0.0150|219| 24.0| 2.0|528
 178.75363|+23.11829|2MASSW J1155009+230706 | 0.0260| 0.0250| 0.0380| 0.0210|210|8.0| 4.0|839
 178.91468|-37.45987|2MASSW J1155395-372735 | 0.0500| 0.0120|-0.7670| 0.0150|219| 46.0| 4.0|529
 178.92851|-22.41631|2MASS J11554286-2224586|-0.3400| 0.0830|-0.1420| 0.0350|217| 17.0| 5.0|
 178.97456| +5.99936|SDSS J115553.86+055957.5 |-0.4060| 0.0220|-0.0260| 0.0220|219| 35.0| 3.0|1349
 179.45036|-48.74522|DENIS-P J1157480-484442|-0.0520| 0.0160| 0.0010| 0.0010|235|7.0| 2.0|
 179.51121|-25.76024|2MASS J11580269-2545369|-0.1020| 0.0190|-0.1670| 0.0210|219| 28.0| 4.0|399
 179.60343|+13.91276|2MASS J11582484+1354456|-0.1160| 0.0170| 0.1680| 0.0180|219| 30.0| 3.0|396
 179.91042| +0.95744|DENIS-P J1159+0057 | 0.0120| 0.0230| 0.0070| 0.0170|210|2.0| 3.0|
 180.13714|+20.81429|2MASS J12003292+2048513|-0.1590| 0.0190| 0.2320| 0.0190|229| 35.0| 5.0|1351
 180.60686| -6.48407|2MASS J12022564-0629026| 0.0960| 0.0190|-0.0750| 0.0190|219| 16.0| 3.0|160
 180.65277| -6.06818|2MASS J12023666-0604054| 0.0880| 0.0180|-0.0340| 0.0180|219| 16.0| 3.0|161
 180.99220| +0.26390|SDSSp J120358.19+001550.3|-1.2090| 0.0180|-0.2610| 0.0150|210|109.0|10.0|527
 181.12649|+32.21653|2MASSI J1204303+321259 | 0.0910| 0.0380|-0.0180| 0.0190|210| 12.0| 5.0|159
 181.51036|+28.22475|SDSS J120602.51+281328.7 | 0.0470| 0.0140|-0.1050| 0.0160|219| 14.0| 2.0|1405
 181.76552|-31.85829|2MASS J12070374-3151298|-0.2320| 0.0160|-0.0740| 0.0190|219| 50.0|10.0|526
 181.88940|-39.54831|2MASS J12073346-3932539|-0.0630| 0.0020|-0.0230| 0.0030|221| 17.1| 1.0|11
 181.88957|-39.54845|2MASSW J1207334-393254B|-0.0630| 0.0020|-0.0230| 0.0030|221| 17.1| 1.0|1352
 181.90846|-39.15138|2MASS J12073804-3909050|-0.1420| 0.0110| 0.0310| 0.0150|219| 14.0| 2.0|
 181.94656| +2.74025|SDSS J120747.17+024424.8 |-0.4980| 0.0180| 0.1380| 0.0190|210| 39.0| 3.0|510
 182.48394|-10.06699|2MASS J12095613-1004008| 0.2500| 0.0190|-0.3900| 0.0190|219| 39.0| 4.0|1406
 183.14120| +2.10779|2MASS J12123389+0206280| 0.0650| 0.0210|-0.1410| 0.0210|219| 49.0| 9.0|316
 183.26391| -4.54548|2MASSI J1213033-043243 |-0.3540| 0.0160|-0.0120| 0.0120|210| 27.0| 3.0|179
 183.67037|+63.27872|SDSS J121440.95+631643.4 | 0.1650| 0.0300|-0.0210| 0.0680|219| 17.0| 4.0|1419
 183.93468|-34.34973|2MASS J12154432-3420591|-0.2120| 0.0170|-0.3100| 0.0210|219| 42.0| 5.0|1353
 183.97282| +0.84719|2MASS J12155348+0050498| 0.2200| 0.0200|-0.3980| 0.0200|219| 63.0|11.0|
 184.09004|+44.94278|2MASS J12162161+4456340|-0.0350| 0.0140|-0.0040| 0.0190|219|7.0| 3.0|812
 184.24657|+30.05156|SDSS J121659.17+300306.3 |-0.0210| 0.0170| 0.1150| 0.0190|219| 38.0|16.0|
 184.29599| -3.18695|2MASSI J1217110-031113 |-1.0540| 0.0020| 0.0760| 0.0020|243| 55.2| 1.4|1354
 184.37227| +0.59239|2MASS J12172935+0035326| 0.0780| 0.0260|-0.0010| 0.0260|219| 10.0| 3.0|808
 184.74814| -5.84118|2MASS J12185957-0550282|-0.2790| 0.0190|-0.0360| 0.0190|219| 47.0| 5.0|
 184.96469|+31.48046|SDSS J121951.45+312849.4 |-0.2500| 0.0260|-0.0170| 0.0310|219| 22.0| 3.0|
 185.36542| +2.95550|2MASS J12212770+0257198|-0.1150| 0.0300|-0.0180| 0.0270|210| 11.0| 3.0|488
 185.46103| -8.72214|2MASS J12215066-0843197|-0.1920| 0.0190| 0.0150| 0.0190|219| 27.0| 3.0|523
 186.21745|-12.64320|2MASS J12245222-1238352|-0.2620| 0.0110|-0.1870| 0.0110|242| 26.6| 2.0|516
 186.47651|-27.66321|2MASS J12255432-2739466| 0.3850| 0.0020|-0.6280| 0.0030|243| 46.5| 1.7|508
 186.77120| -4.78902|2MASS 1227-0447| 0.4100| 0.0200| 0.2400| 0.0100|247|148.0||
 186.81435| -6.61274|2MASS J12271545-0636458|-0.1060| 0.0190|-0.0850| 0.0190|219| 22.0| 3.0|270
 187.06353|-15.79292|DENIS-P J1228.2-1547 | 0.1340| 0.0010|-0.1800| 0.0010|215| 21.5| 0.8|269
 187.23075| +0.84556|SDSS J122855.38+005044.1 |-0.0410| 0.0210|-0.0380| 0.0210|219| 16.0| 6.0|
 187.83919|+49.98983|2MASS J12312141+4959234|-0.0530| 0.0190|-0.0220| 0.0300|219|8.0| 3.0|801
 187.94811| +8.79259|2MASS J12314753+0847331|-1.1760| 0.0210|-1.0430| 0.0210|219| 87.0|11.0|1408
 188.07613| -9.86394|2MASS J12321827-0951502|-0.1560| 0.0130|-0.1010| 0.0170|210| 22.0| 2.0|489
 189.41276|+65.43733|2MASS J12373919+6526148|-1.0020| 0.0080|-0.5250| 0.0060|244| 55.8| 2.8|255
 189.86370|+55.26032|2MASSW J1239272+551537 | 0.1610| 0.0290| 0.0380| 0.0060|210| 17.0| 3.0|281
 191.69490|+40.45417|2MASSW J1246467+402715 | 0.1450| 0.0120|-0.0790| 0.0170|210| 20.0| 3.0|
 191.71520|+31.80291|2MASS J12465176+3148104|-0.7920| 0.0190| 0.0500| 0.0190|229| 68.0| 7.0|
 191.89877|-12.33117|2MASS J12473570-1219518| 0.0360| 0.0180|-0.2230| 0.0180|219| 35.0| 4.0|50
 192.54857|+39.43244|SDSS J125011.65+392553.9 |-0.0150| 0.0080|-0.8280| 0.0110|219| 89.0|10.0|
 193.08513|-31.82467|2MASS J12522042-3149288| 0.1660| 0.0160|-0.0320| 0.0190|219| 25.0| 3.0|230
 193.29566|-57.15686|DENIS-P J1253108-570924|-1.5750| 0.0050|-0.4340| 0.0140|235|162.0|20.0|
 193.30182|+40.56743|2MASS J12531240+4034038| 0.2400| 0.0800|-0.6100| 0.0900|236| 54.0|10.0|
 193.72459| -1.37980|SDSSp J125453.90-012247.4|-0.4790| 0.0020| 0.1300| 0.0030|215| 27.7| 0.6|439
 194.23701| +1.77120|2MASS J12565688+0146163|-0.1830| 0.0130|-0.0170| 0.0180|210| 24.0| 4.0|238
 194.40527| -1.22667|SDSSp J125737.26-011336.1| 0.0810| 0.0200|-0.0030| 0.0110|210| 14.0| 4.0|
 195.17710|+19.20956|2MASSW J1300425+191235 |-0.8200| 0.0180|-1.2440| 0.0190|219| 99.0| 7.0|546
 195.47769|-15.17288|2MASS J13015465-1510223|-0.0690| 0.0120|-0.0740| 0.0160|210| 16.0| 2.0|16
 195.66238| +3.86139|2MASS J13023897+0351410|-0.0390| 0.0210| 0.0250| 0.0210|219|9.0| 4.0|18
 196.41732|-25.68497|Kelu-1 |-0.2850| 0.0010| 0.0110| 0.0010|215| 25.2| 0.9|
 196.42108|+20.77763|2MASSI J1305410+204639 |-0.0230| 0.0170| 0.0730| 0.0270|210| 10.0| 4.0|799
 196.57196|+38.34156|2MASS J13061727+3820296|-0.1750| 0.0270|-0.0080| 0.0350|219| 28.0| 6.0|
 197.10444| +7.43091|2MASS J13082507+0725512| 0.2590| 0.0210|-0.4160| 0.0210|219| 51.0| 4.0|
 197.34106|-23.50992|2MASS J13092185-2330350| 0.0270| 0.0020|-0.4190| 0.0300|211| 26.0| 3.0|800
 197.91339|+80.53943|2MASS J13113921+8032219|-0.0680| 0.0190|-0.3480| 0.0190|229| 49.0| 9.0|
 198.02940|+39.62903|2MASS J13120707+3937445|-0.0970| 0.0230| 0.0130| 0.0180|210| 14.0| 4.0|163
 198.56463| -0.14669|SDSSp J131415.52-000848.1|-0.0010| 0.0230| 0.0730| 0.0230|219| 20.0| 8.0|
 198.87858|-26.83104|2MASSI J1315309-264951 |-0.6780| 0.0160|-0.2800| 0.0150|210| 64.0| 6.0|
 200.17330| +9.96406|2MASS J13204159+0957506|-0.2360| 0.0210|-0.1290| 0.0210|219| 45.0| 6.0|385
 200.18449| +4.15124|2MASS J13204427+0409045|-0.4830| 0.0190| 0.2110| 0.0170|210| 82.0| 8.0|641
 200.89985|-18.11053|DENIS-P J1323-1806 |-0.0870| 0.0150|-0.0220| 0.0190|210| 18.0| 3.0|
 200.96698|+30.24276|2MASS J13235206+3014340|-0.6950| 0.0230| 0.1560| 0.0270|219|100.0|15.0|
 201.14834|+63.97457|2MASS J13243559+6358284|-0.3430| 0.0640|-0.2600| 0.0480|232| 26.0| 6.0|1414
 201.58362|-27.49361|2MASSW J1326201-272937 |-0.3640| 0.0160|-0.0160| 0.0140|210| 41.0| 4.0|
 201.62415| -0.64208|SDSSp J132629.82-003831.5|-0.2260| 0.0080|-0.1070| 0.0060|244| 23.8| 3.2|401
 202.22933|+21.24676|2MASSW J1328550+211449 | 0.2190| 0.0020|-0.4280| 0.0020|215| 73.6| 9.0|1361
 202.25418|-41.78707|2MASS J13290099-4147133| 0.2310| 0.0130|-0.2800| 0.0170|219| 47.0| 4.0|
 202.50965| -4.88895|2MASS J13300232-0453202|-0.0790| 0.0090|-0.0070| 0.0090|209| 10.0| 1.0|440
 202.88795|+34.13288|2MASS J13313310+3407583|-0.3530| 0.0190|-0.1690| 0.0180|210| 62.0| 5.0|383
 202.95381| -1.28081|SDSS J133148.92-011651.4 |-0.4070| 0.0190|-1.0300| 0.0140|210|119.0|11.0|2124
 203.10177| -4.68682|2MASS J13322442-0441126| 0.0800| 0.0900| 0.0500| 0.0800|236|9.0| 9.0|660
 203.11917|+26.58556|2MASSI J1332286+263508 |-0.1520| 0.0120| 0.0410| 0.0170|210| 42.0| 5.0|
 203.52591|+19.67649|2MASSW J1334062+194034 |-0.0580| 0.0120| 0.0980| 0.0160|210| 25.0| 4.0|
 204.16913|+37.72303|2MASS J13364062+3743230|-0.2000| 0.0090|-0.0600| 0.0140|210| 30.0| 2.0|664
 204.37984|+49.64354|2MASS J13373116+4938367| 0.0390| 0.0160| 0.0490| 0.0250|219|8.0| 3.0|663
 204.60886|+41.67602|2MASSW J1338261+414034 |-0.1530| 0.0240|-0.3110| 0.0250|210| 37.0| 4.0|
 204.70599| +4.62543|2MASS J13384944+0437315| 0.1120| 0.0140|-0.2240| 0.0130|210| 32.0| 3.0|339
 204.86042|-17.91815|2MASS J13392651-1755053|-0.1900| 0.0200|-0.0700| 0.0200|209| 30.0| 4.0|656
 205.29834|-30.88072|2MASS J13411160-3052505| 0.0300| 0.0130|-0.1340| 0.0150|219| 16.0| 2.0|819
 205.51296|+13.67283|SDSS J134203.11+134022.2 | 0.0000| 0.0190|-0.0270| 0.0190|219|5.0| 4.0|
 205.59840|+17.86550|2MASSW J1342236+175156 |-0.0700| 0.0110|-0.0020| 0.0080|210| 18.0| 3.0|
 205.81937|+39.75247|2MASSW J1343167+394508 |-0.3430| 0.0310| 0.1160| 0.0250|210| 47.0| 6.0|78
 205.96978|-38.86070|2MASS J13435275-3851385|-0.0440| 0.0140|-0.0160| 0.0180|219|8.0| 2.0|666
 206.69324| -0.53055|SDSSp J134646.45-003150.4|-0.5030| 0.0030|-0.1140| 0.0020|243| 35.8| 1.4|1363
 206.99624|-76.16817|2MASS J13475911-7610054| 0.2030| 0.0050| 0.0380| 0.0200|219| 25.0| 3.0|
 206.99624|-76.16817|DENIS-P J1347590-761005| 0.2030| 0.0050| 0.0380| 0.0200|219| 25.0| 3.0|
 207.00419| -3.07583|2MASS J13480100-0304328| 0.1910| 0.0200|-0.4080| 0.0200|219| 54.0| 7.0|
 207.19128| +3.89849|2MASS J13484591+0353545| 0.2070| 0.0230|-0.3560| 0.0110|210| 66.0| 9.0|668
 209.17271|+43.71632|2MASS J13564148+4342587|-0.4600| 0.0700| 0.0700| 0.0700|236| 34.0| 7.0|308
 209.30154|+14.47772|2MASS J13571237+1428398| 0.0690| 0.0520|-0.0060| 0.0530|219| 10.0| 9.0|530
 209.31236|-14.64808|2MASS J13571497-1438529|-0.0380| 0.0100|-0.1060| 0.0090|209| 14.0| 2.0|573
 209.71954|+37.78694|SDSS J135852.68+374711.9 |-0.0100| 0.0130|-0.4110| 0.0160|219| 51.0|24.0|1400
 209.85008|+47.47865|SDSS J135923.99+472843.2 |-0.1440| 0.0100| 0.0340| 0.0140|219| 20.0| 2.0|
 209.97959|-40.58293|2MASS J13595510-4034582| 0.0380| 0.0110|-0.4850| 0.0150|219| 49.0| 4.0|785
 210.09660|+43.63950|SDSS J140023.12+433822.3 |-0.2350| 0.0200| 0.0120| 0.0280|219| 26.0| 8.0|
 210.59312| +6.81331|2MASS J14022235+0648479| 0.0560| 0.0210|-0.0060| 0.0210|219|8.0| 3.0|786
 210.63230| +1.80836|SDSS J140231.75+014830.3 |-0.2320| 0.0140| 0.0080| 0.0110|210| 54.0| 5.0|
 210.73183| +8.01537|SDSS J140255.66+080055.2 | 0.0650| 0.0210|-0.0980| 0.0220|219| 16.0| 3.0|
 210.84282|+30.13186|2MASS J14032232+3007547|-0.8100| 0.0300| 0.0000| 0.0700|236| 73.0| 6.0|
 211.17362| +2.59726|SDSS J140441.68+023550.1 | 0.0540| 0.0170|-0.2480| 0.0130|210| 63.0| 5.0|
 211.18723|+46.57494|2MASS J14044495+4634297|-0.2310| 0.0300| 0.1430| 0.0260|210| 43.0| 7.0|818
 211.20600|-31.99248|2MASS J14044941-3159329|-0.3490| 0.0300| 0.0320| 0.0030|232| 25.0| 3.0|1413
 211.97337|+12.68608|2MASS J14075361+1241099|-0.3120| 0.0190| 0.0820| 0.0190|210| 33.0| 4.0|753
 212.26294|-33.96569|2MASS J14090310-3357565| 0.0890| 0.0120| 0.0470| 0.0140|219| 12.0| 2.0|141
 212.82239|+39.61007|2MASSW J1411175+393636 |-0.9110| 0.0150| 0.1370| 0.0160|210|138.0|10.0|
 212.83879|-21.33059|2MASS J14112131-2119503| 0.0000| 0.2000| 0.1000| 0.2000|225|7.0| 7.0|814
 213.09451|+23.90300|2MASS J14122268+2354108|-0.1750| 0.0360| 0.0680| 0.0390|219| 26.0| 6.0|816
 213.10204|+16.55319|2MASSW J1412244+163312 | 0.0290| 0.0160|-0.0800| 0.0300|210| 10.0| 4.0|
 213.49916| -4.96343|2MASS J14135981-0457483|-0.1900| 0.0500|-0.0600| 0.0400|209| 27.0| 7.0|815
 213.87514|+57.40825|SDSS J141530.05+572428.7 | 0.0430| 0.0130|-0.3450| 0.0250|219| 36.0|12.0|1401
 214.24948|+50.10716|SDSS J141659.78+500626.4 |-0.2970| 0.0130| 0.1880| 0.0210|219| 74.0|51.0|1366
 214.91113|-31.61442|2MASS J14193867-3136519|-0.0410| 0.0180| 0.0280| 0.0210|219|8.0| 3.0|374
 215.32793|-16.30562|2MASS J14211873-1618201|-0.2300| 0.0200|-0.0700| 0.0200|209| 26.0| 3.0|703
 215.38089|+18.46127|2MASSW J1421314+182740 |-0.7500| 0.0400|-0.1700| 0.0300|236| 73.0| 6.0|
 215.61333|+22.26598|SDSS J142227.25+221557.1 | 0.0470| 0.0190|-0.0540| 0.0200|219| 14.0| 6.0|
 216.16289| +9.28623|GD 165B|-0.2182| |-0.1260| |246| 37.7| 3.0|
 216.27064|+71.03597|LSR 1425+7102|-0.6200| |-0.1700| |247|197.0||
 216.36655|-36.83975|DENIS-P J142527.97-365023.4|-0.2680| 0.0150|-0.4730| 0.0190|219| 24.0| 2.0|576
 216.63177|+15.95030|2MASS J14263161+1557012| 0.1080| 0.0190|-0.0560| 0.0190|229| 15.0| 4.0|389
 217.13051|+59.39317|2MASS J14283132+5923354|-0.2500| 0.1700|-0.0900| 0.1500|236| 28.0|18.0|628
 217.18015|+33.17757|2MASS J14284323+3310391|-0.3457| 0.0002|-0.7079| 0.0004|233| 41.2| 0.6|919
 217.46167|+33.50306|IRAC J142950.8+333011|-0.0030| |-0.1000| |238| 15.0| 8.0|
 217.68154|+29.26128|2MASSI J1430435+291540 |-0.1850| 0.0200| 0.1420| 0.0160|210| 33.0| 3.0|155
 217.73287| +0.23120|SDSS J143055.90+001352.1 | 0.0580| 0.0240|-0.0360| 0.0120|210| 26.0| 9.0|
 218.04896| -0.98351|SDSS J143211.74-005900.8 |-0.0090| 0.0200|-0.0320| 0.0170|210|9.0| 5.0|
 218.74231|-23.59920|2MASS J14345819-2335572|-0.3060| 0.0300| 0.0510| 0.0050|211| 40.0| 6.0|150
 218.82167| -0.77028|SDSS J143517.20-004612.9 | 0.0220| 0.0090| 0.0100| 0.0060|244| 12.0|10.0|
 218.89884| -0.72977|SDSS J143535.72-004347.0 | 0.0220| 0.0050|-0.1050| 0.0090|244| 32.0|13.0|587
 219.04068|+29.00974|2MASS J14360977+2900350|-0.0980| 0.0180| 0.0680| 0.0210|219| 14.0| 3.0|27
 219.53446|+64.14343|2MASS J14380829+6408363| 0.6400| 0.0600|-0.2000| 0.0400|236| 58.0| 6.0|
 219.68923|+55.98704|2MASS J14384542+5559134|-0.0620| 0.0150|-0.0590| 0.0270|219| 12.0| 4.0|21
 219.72917|-13.15287|2MASSW J1438549-130910 | 0.1610| 0.0220|-0.0170| 0.0160|210| 28.0| 6.0|
 219.75129|+18.66085|LHS377 |-0.0300| |-1.2200| |247|208.0||
 219.86722|+19.48777|2MASSW J1439284+192915 |-1.2298| 0.0007| 0.4070| 0.0020|215| 88.2| 0.6|7
 219.88929| +3.29975|SDSS J143933.44+031759.2 |-0.0060| 0.0210| 0.0190| 0.0160|210|6.0| 5.0|
 219.92049|+18.44358|2MASSW J1439409+182637 |-0.0130| 0.0180| 0.0010| 0.0250|210|4.0| 6.0|
 220.00751| +0.36269|SDSSp J144001.82+002145.8|-0.0740| 0.0180| 0.0370| 0.0180|210| 24.0| 5.0|
 220.06758| +0.44417|SDSS J144016.20+002638.9 |-0.0060| 0.0210| 0.0040| 0.0210|219|2.0| 5.0|
 220.09547|+13.65623|2MASS J14402293+1339230|-0.1460| 0.0100|-0.3400| 0.0100|228| 28.0| 2.0|650
 220.26906|+27.32563|2MASS J14410457+2719323| 0.0890| 0.0300|-0.0530| 0.0340|219| 14.0| 5.0|653
 220.36863|+50.76676|SDSS J144128.52+504600.4 | 0.0770| 0.0130|-0.1090| 0.0210|219| 46.0|11.0|
 220.40479| -9.76639|DENIS-P J1441-0945, G 124-62B|-0.1980| 0.0030|-0.0160| 0.0040|212| 25.9| 2.6|6
 220.59048|+66.05549|G 239-25 B |-0.3110| 0.0110|-0.0590| 0.0120|234| 14.8| 2.0|
 221.08466|-20.32378|SSSPM 1444-2019|-2.9190| 0.0090|-1.9500| 0.0050|247|333.0||
 221.50253| +0.41442|SDSSp J144600.60+002452.0| 0.1800| 0.0070|-0.0660| 0.0040|244| 19.9| 1.6|
 222.01378|+15.90419|2MASS J14480337+1554149|-0.5360| 0.0190| 0.1180| 0.0190|229| 58.0| 7.0|
 222.10677|+10.53307|2MASSW J1448256+103159 | 0.2620| 0.0220|-0.1200| 0.0220|219| 30.0| 4.0|4
 222.40771|+23.92719|2MASSW J1449378+235537 | 0.0500| 0.0130| 0.0270| 0.0240|210| 17.0| 5.0|
 222.56670|+23.91162|Gl 564B, HD 130948B| 0.1447| 0.0008| 0.0324| 0.0007|234| 12.6| 0.2|
 222.56670|+23.91162|Gl 564C, HD 130948C| 0.1447| 0.0008| 0.0324| 0.0007|234| 12.6| 0.2|
 223.34596|+15.71892|2MASS J14532303+1543081|-0.0110| 0.0180| 0.0280| 0.0180|219|4.0| 3.0|254
 223.53314|-66.07987|DENIS-P J1454078-660447| 0.5250| 0.0040|-0.3760| 0.0040|235| 33.0| 6.0|
 224.00571|-27.79348|2MASS J14560135-2747374|-0.2440| 0.0080|-0.7840| 0.0270|216| 89.0| 7.0|
 224.15940|-28.16349|2MASS J14563831-2809473|-0.4850| 0.0040|-0.8460| 0.0030|213| 31.8| 0.7|126
 224.31283|-21.36402|Gliese 570D| 1.0340| 0.0020|-1.7260| 0.0010|234| 56.4| 0.6|
 224.41515|+45.28799|2MASS J14573965+4517167|-0.1910| 0.0190| 0.1000| 0.0190|229| 22.0| 2.0|414
 224.60219|+28.66604|2MASS J14582453+2839580|-0.1090| 0.0240|-0.4320| 0.0280|219| 51.0| 9.0|236
 225.19049|+42.32911|2MASS J15004572+4219448| 0.1360| 0.0110|-0.0650| 0.0150|219| 21.0| 3.0|
 225.28408|+22.83389|2MASS J15010818+2250020|-0.0246| 0.0003|-0.0579| 0.0004|215|3.2| 0.0|237
 225.67004|+61.63773|SDSS J150240.80+613815.5 |-0.0980| 0.0100| 0.0360| 0.0220|219| 37.0| 6.0|
 225.83171|+25.42211|2MASS J15031961+2525196| 0.0090| 0.0170| 0.0210| 0.0180|210|1.0| 1.0|742
 226.06740|-23.93238|2MASS J15041621-2355564|-0.3050| 0.0290|-0.1190| 0.0110|217| 25.0| 3.0|565
 226.72646|+13.35167|2MASSW J1506544+132106 |-1.0870| 0.0130| 0.0140| 0.0110|210| 71.0| 6.0|778
 226.86584|-20.01200|2MASS J15072779-2000431| 0.1040| 0.0030|-0.0710| 0.0020|202| 13.6||776
 226.94863|-16.46114|2MASSW J1507476-162738 |-0.1610| 0.0020|-0.8885| 0.0006|215| 31.4| 0.1|775
 227.57012| -2.68549|2MASS J15101685-0241078|-0.4050| 0.0120| 0.0240| 0.0060|241| 32.0| 2.7|710
 227.69840|-28.30648|2MASS J15104761-2818234| 0.1000| 0.2000| 0.1000| 0.2000|225| 14.0|15.0|708
 227.69939|-28.30483|2MASS J15104786-2818174|-0.1000| 0.1800| 0.0000| 0.3000|236|9.0|16.0|708
 227.81110| +6.12866|SDSS J151114.66+060742.9 |-0.2520| 0.0210|-0.2560| 0.0210|219| 30.0| 5.0|1421
 228.13870|-10.54484|2MASS J15123329-1032414|-0.0400| 0.0200|-0.0370| 0.0190|209|6.0| 2.0|
 228.16922|+34.06391|2MASS J15124058+3403501| 0.2280| 0.0100|-0.0100| 0.0120|219| 44.0|12.0|588
 228.75354|+48.79481|2MASSW J1515008+484742 |-0.9500| 0.0210| 1.4710| 0.0210|210| 89.0| 8.0|53
 228.77531|+44.61341|SDSS J151506.11+443648.3 | 0.0750| 0.0190|-0.0200| 0.0270|219|9.0| 5.0|
 229.01263| +2.99146|SDSS J151603.03+025928.9 |-0.0480| 0.0220|-0.1740| 0.0220|219| 22.0| 3.0|1422
 229.17934|+30.89564|SDSS J151643.01+305344.4 |-0.1320| 0.0210| 0.0040| 0.0240|219| 14.0| 3.0|1423
 230.00919|-44.37837|2MASS J15200224-4422419A |-0.6300| 0.0300|-0.3700| 0.0200|206| 66.0| 5.0|
 230.00919|-44.37837|2MASS J15200224-4422419B |-0.6300| 0.0300|-0.3700| 0.0200|206| 66.0| 7.0|
 230.16557|+35.77251|SDSS J152039.82+354619.8 | 0.2790| 0.0230|-0.3860| 0.0280|219| 32.0| 4.0|261
 230.25434|+50.88963|2MASS J15210103+5053230| 0.0700| 0.0600|-0.2100| 0.0800|236| 17.0| 7.0|132
 230.26364| +1.52849|SDSS J152103.24+013142.7 |-0.2120| 0.0190| 0.0840| 0.0170|210| 26.0| 3.0|1407
 230.77745|-23.79781|2MASS J15230657-2347526| 0.1590| 0.0130| 0.3080| 0.0120|222| 36.0| 3.0|
 230.84429|+30.24895|Gl 584C| 0.1258| 0.0006|-0.1765| 0.0008|234| 19.1| 1.2|
 231.38052|+58.18126|SDSS J152531.32+581053.1 | 0.0640| 0.0150| 0.0440| 0.0280|219| 14.0| 6.0|
 231.55839|+20.72792|2MASSI J1526140+204341 |-0.2070| 0.0180|-0.3620| 0.0190|219| 35.0| 6.0|353
 232.78700| +6.01978|ULAS J153108.89+060111.1 | 0.0280| 0.0250|-0.0480| 0.0250|219| 20.0|10.0|
 232.80602|+16.69118|2MASS J15311344+1641282|-0.0760| 0.0250| 0.0400| 0.0260|219| 21.0| 8.0|494
 233.57128|+16.26285|SDSS J153417.05+161546.1AB |-0.0660| 0.0200|-0.0520| 0.0210|219| 14.0| 4.0|1585
 233.70771|-29.87438|2MASSI J1534498-295227 | 0.0959| 0.0008|-0.2510| 0.0020|243| 17.3| 0.4|1426
 233.72192|+12.33041|SDSS J153453.33+121949.2 | 0.1770| 0.0200|-0.0400| 0.0210|219| 25.0|15.0|
 233.73722|-14.31365|2MASS J15345704-1418486|-0.9150| 0.0030|-0.3110| 0.0010|202| 50.8||501
 234.60072|-19.88658|2MASS J15382417-1953116| 0.0320| 0.0190|-0.0610| 0.0200|219|7.0| 3.0|366
 234.83902|+65.04345|2MASS J15392137+6502364|-0.0380| 0.0110| 0.0380| 0.0250|219|8.0| 4.0|365
 234.92468| -5.34520|DENIS-P J153941.96-052042.4| 0.5990| 0.0140| 0.1170| 0.0150|210| 43.0| 4.0|364
 234.93505|+74.62426|2MASS J15394442+7437273|-0.0400| 0.0800| 0.0600| 0.0900|236|6.0| 9.0|363
 235.03927|+37.70881|SDSS J154009.36+374230.3 |-0.2050| 0.0160|-0.3820| 0.0200|219| 41.0|10.0|
 236.28743|+35.92423|SDSS J154508.93+355527.3 |-0.1830| 0.0160| 0.0630| 0.0200|219| 28.0| 5.0|
 236.52250|+37.82940|2MASS J15460540+3749458|-0.0200| 0.0190|-0.1200| 0.0190|229| 11.0| 2.0|860
 236.61331|-33.41967|2MASSI J1546291-332511 | 0.1210| 0.0020| 0.1900| 0.0020|243| 12.1| 0.4|1464
 236.86346| +3.61002|SDSS J154727.23+033636.3 |-0.0630| 0.0130| 0.0520| 0.0170|210| 22.0| 4.0|
 236.94660|-24.39705|2MASS J15474719-2423493|-0.1330| 0.0150|-0.1220| 0.0160|210| 24.0| 4.0|83
 237.20459|+17.37661|SDSS J154849.02+172235.4 |-0.2770| 0.0190|-0.1090| 0.0190|219| 46.0| 9.0|
 237.24298|-16.60055|2MASS J15485834-1636018|-0.2100| 0.0160|-0.1070| 0.0170|219| 23.0| 4.0|
 237.30036|-35.65109|GQ Lup B |-0.0270| 0.0030|-0.0140| 0.0010|239| 20.0| 4.0|
 237.53524|+14.92163|2MASS J15500845+1455180| 0.1050| 0.0190|-0.1270| 0.0130|210| 24.0| 4.0|531
 237.77750|+64.95131|2MASS J15510662+6457047|-0.2200| 0.0190| 0.0100| 0.0190|229| 23.0| 3.0|371
 237.96821| +9.68745|2MASS J15515237+0941148|-0.0700| 0.0220|-0.0500| 0.0220|219| 26.0| 8.0|84
 238.24609|+29.81347|2MASSW J1552591+294849 |-0.1570| 0.0200|-0.0510| 0.0200|210| 16.0| 2.0|80
 238.25928|+15.54367|2MASSI J1553022+153236 |-0.4020| 0.0170| 0.1710| 0.0160|210| 25.0| 4.0|129
 238.33268|+14.00940|2MASS J15531993+1400337|-0.6590| 0.0190| 0.0720| 0.0190|229| 64.0| 5.0|
 238.33922|+21.15205|2MASSW J1553214+210907 |-0.0450| 0.0150| 0.1140| 0.0160|219| 19.0| 4.0|
 238.81576| -9.93503|2MASSW J1555157-095605 | 0.9500| 0.0150|-0.7670| 0.0150|219| 75.0| 5.0|1376
 238.85894| +0.28900|SDSS J155526.15+001720.6 |-0.2340| 0.0180|-0.0410| 0.0180|210| 50.0| 5.0|
 240.02283|+17.14245|2MASSI J1600054+170832 |-0.0090| 0.0150| 0.0150| 0.0210|210|5.0| 6.0|
 241.61100|+68.62412|2MASS J16062665+6837268|-0.0830| 0.0080| 0.0430| 0.0230|219| 15.0| 5.0|338
 241.88013| -4.70263|2MASS J16073123-0442091| 0.0280| 0.0020|-0.4610| 0.0290|217| 31.0| 3.0|431
 242.62056| -0.68165|LSR 1610-0040|-1.2500| 0.0600|-1.1800| 0.0600|247|111.0||
 243.58534| +0.77872|SDSS J161420.50+004643.6 |-0.0570| 0.0210|-0.0310| 0.0210|210| 19.0| 6.0|
 243.76729|+13.66877|2MASS J16150413+1340079| 0.3150| 0.0330|-0.3620| 0.0380|232| 30.0| 5.0|1430
 243.92686| +5.77779|2MASS J16154245+0546400| 0.1100| 0.0600|-0.1200| 0.0700|236| 15.0| 6.0|474
 243.93399|+35.98323|2MASSW J1615441+355900 |-0.0170| 0.0120|-0.5120| 0.0150|210| 58.0| 5.0|479
 244.11034|+22.31643|SDSS J161626.46+221859.2 |-0.0730| 0.0180| 0.0210| 0.0190|219| 20.0|15.0|
 244.38198|+40.31669|SDSS J161731.65+401859.7 |-0.0380| 0.0140|-0.1320| 0.0190|219| 39.0| 9.0|
 244.68760|-13.35826|2MASS J16184503-1321297|-0.1010| 0.0150|-0.0620| 0.0150|210| 18.0| 3.0|480
 244.86791| +0.83662|SDSS J161928.31+005011.9 | 0.0740| 0.0160|-0.0880| 0.0170|210| 14.0| 2.0|
 245.10896| -4.27541|GJ 618.1B|-0.4170| 0.0020|-0.0230| 0.0020|234| 60.1| 4.8|
 245.21318|+32.62560|SDSS J162051.17+323732.1 | 0.0150| 0.0110|-0.0330| 0.0140|219|7.0| 3.0|
 245.73051|+11.98994|SDSS J162255.27+115924.1 |-0.1280| 0.0250|-0.0120| 0.0260|219| 26.0|15.0|
 246.05976| +0.48772|SDSSp J162414.37+002915.6|-0.3730| 0.0020|-0.0090| 0.0020|243| 19.5| 0.3|596
 246.58392|+39.42206|2MASS 1626+3925|-1.3500| 0.1000| 0.2400| 0.1000|247|120.0||
 246.86615|+81.08548|2MASS J16272794+8105075|-0.2090| 0.0190| 0.3380| 0.0190|229| 39.0| 3.0|
 247.16102|+23.13969|SDSS J162838.77+230821.1 | 0.4970| 0.0200|-0.4610| 0.0210|219| 45.0|12.0|1469
 247.59563| +8.30615|SDSS J163022.92+081822.0 |-0.0830| 0.0180|-0.0840| 0.0190|219| 10.0| 2.0|
 247.62726|+43.73422|SDSS J163030.53+434404.0 |-0.1380| 0.0200| 0.0520| 0.0280|219| 18.0| 9.0|
 247.67247| +9.64573|2MASS J16304139+0938446|-0.0640| 0.0150|-0.0560| 0.0140|210| 17.0| 4.0|228
 247.70830| +0.85029|SDSS J163050.01+005101.3 |-0.0800| 0.0150|-0.1390| 0.0180|210| 48.0| 6.0|
 248.12152|+19.07793|2MASSW J1632291+190441 | 0.2930| 0.0010|-0.0540| 0.0010|215| 21.5| 0.7|304
 248.49716| -6.68204|SDSS J163359.23-064056.5 |-0.2320| 0.0150|-0.1950| 0.0150|219| 40.0| 4.0|
 248.82991|+42.38480|2MASS J16351919+4223053|-0.0730| 0.0190|-0.0100| 0.0190|229|8.0| 2.0|
 250.13270|+12.51836|2MASS 1640+1231|-0.7500| 0.0600|-0.3300| 0.0600|247|292.0||
 251.34195|+30.06863|2MASS J16452207+3004071|-0.0650| 0.0190|-0.0650| 0.0220|219| 14.0| 4.0|681
 251.34205|-13.33116|2MASSW J1645221-131951 |-0.3640| 0.0180|-0.8040| 0.0160|210| 48.0| 4.0|
 252.26745| +4.74919|2MASS J16490419+0444571| 0.0540| 0.0230| 0.0830| 0.0230|219| 11.0| 3.0|496
 253.37374|+62.52678|SDSS J165329.69+623136.5 | 0.0310| 0.0160|-0.0240| 0.0350|219|6.0| 4.0|311
 254.07854|+28.58489|2MASSI J1656188+283506 | 0.0110| 0.0270|-0.0270| 0.0310|219|7.0| 8.0|
 254.39393|+10.90648|2MASS J16573454+1054233|-0.0840| 0.0170|-0.0610| 0.0210|210| 11.0| 2.0|242
 254.51586|+70.45043|2MASSW J1658037+702701 |-0.1468| 0.0007|-0.3133| 0.0009|215| 30.4| 0.4|
 256.45145| -5.27952|DENIS-P J170548.38-051645.7| 0.1290| 0.0140|-0.1030| 0.0150|210|9.0| 1.0|246
 256.82622|+64.65920|2MASS J17071830+6439331| 0.2260| 0.0190|-0.0910| 0.0190|229| 19.0| 2.0|667
 256.84764| -5.97358|2MASS J17072343-0558249B | 0.1000| 0.0080| 0.0030| 0.0050|222|7.0| 1.0|
 256.88887|+43.02511|2MASSI J1707333+430130 |-0.2000| 0.0220|-0.0220| 0.0140|210| 25.0| 3.0|347
 257.80633|+23.44256|2MASS J17111353+2326333|-0.0530| 0.0110|-0.0360| 0.0160|210| 11.0| 3.0|420
 257.94056|+22.53455|2MASSI J1711457+223204 | 0.0310| 0.0070|-0.0050| 0.0040|244|4.5| 1.2|
 257.94651|+23.52522|SDSS J171147.17+233130.5 | 0.0100| 0.0170|-0.0850| 0.0180|219| 27.0|16.0|
 259.30873|+65.43946|SDSS J171714.10+652622.2 | 0.1590| 0.0070|-0.0920| 0.0160|219| 21.0| 4.0|
 260.26520|+33.73806|2MASSI J1721039+334415 |-1.8540| 0.0170| 0.6020| 0.0170|210|144.0|13.0|118
 260.68467|+63.49638|SDSS J172244.32+632946.8 | 0.0130| 0.0120|-0.0380| 0.0270|219| 10.0| 7.0|532
 261.50027|+15.63858|2MASSI J1726000+153819 |-0.0310| 0.0130|-0.0480| 0.0140|210| 13.0| 3.0|840
 262.04794|+39.81646|2MASSW J1728114+394859 | 0.0370| 0.0060|-0.0260| 0.0050|244|5.1| 0.9|418
 262.09238|+58.75266|SDSS J172822.19+584509.9 | 0.0240| 0.0130| 0.1020| 0.0120|210| 38.0| 5.0|
 262.75588|+53.17996|SDSS J173101.41+531047.9 | 0.0640| 0.0110| 0.1620| 0.0180|219| 26.0|14.0|
 262.87392|+27.35649|2MASS J17312974+2721233|-0.0820| 0.0150|-0.2400| 0.0170|210| 14.0| 1.0|10
 263.32890|+46.56636|2MASS J17331893+4633593| 0.0440| 0.0190|-0.2570| 0.0190|229| 26.0| 2.0|680
 263.42616|-16.91391|DENIS-P J1733423-165449| 0.0810| 0.0110|-0.0480| 0.0140|235| 10.0| 2.0|
 263.80398|+26.57989|2MASS J17351296+2634475| 0.1900| 0.0800|-0.3200| 0.0900|236| 19.0| 6.0|12
 265.92286|+21.45195|2MASSW J1743415+212707 | 0.1590| 0.0180| 0.2330| 0.0190|219| 63.0|11.0|
 266.39447|-16.68166|DENIS-P J1745346-164053| 0.1160| 0.0990|-0.1110| 0.0950|235| 15.0|13.0|106
 266.54994|+50.56767|2MASS J17461199+5034036| 0.2580| 0.0180| 0.0250| 0.0280|219| 25.0| 5.0|245
 267.55378|+44.40126|2MASS J17501291+4424043|-0.0180| 0.0190| 0.1510| 0.0190|229| 22.0| 5.0|
 267.59935|+42.37707|SDSS J175024.01+422237.8 |-0.0440| 0.0160| 0.0950| 0.0140|210| 11.0| 2.0|1434
 267.60340| -0.27081|2MASS J17502484-0016151|-0.4400| 0.0430| 0.2180| 0.0410|222| 20.0| 3.0|1478
 267.63725|+17.98452|SDSSp J175032.96+175903.9| 0.1780| 0.0070| 0.1000| 0.0050|244| 26.7| 3.5|219
 268.43825|-65.99883|2MASS J17534518-6559559| 0.0100| 0.1500|-0.3600| 0.0900|236| 27.0| 9.0|381
 269.23415|-48.08601|DENIS-P J1756561-480509| 0.0780| 0.0080| 0.0500| 0.0090|235| 10.0| 1.0|
 269.31413|+70.70036|2MASS J17571539+7042011| 0.0100| 0.0400| 0.3400| 0.0900|236| 20.0| 6.0|176
 269.52273|+46.55301|SDSS J175805.46+463311.9 | 0.0260| 0.0150| 0.5940| 0.0160|210| 34.0| 4.0|1436
 271.81637|+50.25879|2MASSI J1807159+501531 | 0.0350| 0.0190|-0.1260| 0.0140|210|9.0| 1.0|788
 276.54588|+30.23859|2MASS J18261131+3014201|-2.2800| 0.0100|-0.6840| 0.0100|228|132.0| 9.0|
 277.14875|-48.81799|2MASS J18283572-4849046| 0.2500| 0.0700| 0.2100| 0.0700|205| 17.0| 4.0|1437
 278.90787|+32.99812|2MASS J18353790+3259545|-0.0750| 0.0100|-0.7430| 0.0100|228| 22.0| 2.0|82
 280.28591|+31.29110|2MASSW J1841086+311727 | 0.0590| 0.0030| 0.0420| 0.0030|244| 14.6| 1.4|623
 280.84218|+40.67259|2MASS J18432213+4040209|-0.1187| 0.0004| 0.5940| 0.0004|233| 40.6| 0.5|452
 281.27018|-63.96340|SCR 1845-6357B | 2.5920| 0.0020| 0.6170| 0.0030|223| 48.7| 0.2|
 281.27189|-63.96326|2MASS J18450541-6357475| 2.5920| 0.0020| 0.6170| 0.0030|223| 48.7| 0.2|
 281.32868|+38.89019|2MASS J18451889+3853248| 0.2200| 0.0900| 0.3400| 0.1000|236| 32.0| 8.0|621
 285.27497|+47.30363|2MASS J19010601+4718136|-0.1100| 0.0200|-0.3600| 0.0200|205| 27.0| 4.0|1438
 287.28422|-19.62995|DENIS-P J1909081-193748| 0.0540| 0.0150| 0.1480| 0.0300|235| 24.0| 6.0|
 289.24002| +5.15046|2MASS J19165762+0509021|-0.5760| 0.0130|-1.3630| 0.0150|242| 43.7| 1.1|
 292.21648|-43.94038|2MASS J19285196-4356256| 0.0660| 0.0120|-0.2730| 0.0160|219| 27.0| 3.0|322
 292.42080|-43.17677|SSSPM 1930-4311|-0.0190| 0.0110|-0.8650| 0.0080|247|301.0||
 294.00782|-55.04231|2MASS J19360187-5502322| 0.1690| 0.0090|-0.2980| 0.0160|219| 27.0| 5.0|104
 299.06422|-17.90698|2MASS J19561542-1754252|-0.1570| 0.0150| 0.0930| 0.0150|222| 29.0| 3.0|478
 300.20183|-75.38524|2MASS J20004841-7523070|-0.2200| 0.0600|-0.2600| 0.0600|236| 29.0| 7.0|475
 300.71134| -5.36459|2MASS J20025073-0521524|-0.0980| 0.0130|-0.1050| 0.0140|210| 11.0| 1.0|852
 301.02596|+17.06996|Gl 779B, HR 7672B|-0.3941| 0.0006|-0.4064| 0.0006|234| 47.4| 0.6|
 301.22395|-14.27306|2MASS J20045369-1416231| 0.5340| 0.0180| 0.0560| 0.0170|209| 70.0| 7.0|
 303.51497|-20.27275|2MASS J20140359-2016217| 0.0250| 0.0110|-0.1240| 0.0120|209| 12.0| 2.0|834
 304.86224|-25.04562|2MASS J20192695-2502441|-0.1300| 0.0200|-0.0900| 0.0200|209| 24.0| 4.0|792
 306.56602|-29.72025|2MASS J20261584-2943124| 0.0430| 0.0190|-0.3480| 0.0150|210| 60.0| 8.0|335
 307.08478| +0.87403|SDSS J202820.32+005226.5 | 0.1140| 0.0140| 0.0070| 0.0150|210| 11.0| 2.0|837
 308.65705| +8.45030|2MASS J20343769+0827009|-0.0770| 0.0150|-0.4680| 0.0150|210| 51.0| 5.0|
 309.01318|+10.85821|2MASS J20360316+1051295|-0.1150| 0.0140|-0.1680| 0.0140|210| 17.0| 2.0|619
 309.08986|+51.00149|LSR 2036+5059| 1.0400| |-0.2000| |247| 90.0||
 309.27979|-11.63261|2MASS J20370715-1137569|-0.0100| 0.1100|-0.4100| 0.0600|236| 33.0| 5.0|
 309.80477|-11.44812|2MASS J20391314-1126531| 0.0640| 0.0110|-0.1050| 0.0110|209| 20.0| 2.0|836
 310.42849|-35.11232|2MASS J20414283-3506442| 0.0630| 0.0100|-0.1200| 0.0120|219| 21.0| 4.0|193
 311.25989|-63.53514|2MASS J20450238-6332066| 0.0970| 0.0080|-0.2010| 0.0170|217| 18.0| 2.0|224
 311.88237| -8.13898|2MASS J20473176-0808201| 0.1000| 0.3000|-0.2000| 0.3000|209| 41.0|55.0|97
 312.33225|-19.74244|2MASS J20491972-1944324| 0.1930| 0.0190|-0.2600| 0.0190|229| 37.0| 4.0|
 313.64938|+15.31787|2MASSI J2054358+151904 |-0.0450| 0.0180|-0.0820| 0.0180|210| 33.0| 8.0|
 314.31406|+17.25426|2MASSI J2057153+171515 | 0.0900| 0.0160| 0.0660| 0.0150|210| 31.0| 5.0|
 314.47538| -2.87508|2MASSI J2057540-025230 | 0.0100| 0.0200|-0.0800| 0.0200|236|6.0| 2.0|697
 315.31432|+17.94962|2MASSW J2101154+175658 | 0.1440| 0.0030|-0.1510| 0.0030|244| 32.8| 3.8|2029
 316.06233|-10.62701|2MASSI J2104149-103736 | 0.6140| 0.0160|-0.2810| 0.0150|210| 55.0| 5.0|698
 316.88201| -3.12603|2MASSI J2107316-030733 | 0.1700| 0.0180|-0.0100| 0.0130|210| 25.0| 3.0|74
 316.97539|-45.73511|2MASS J21075409-4544064| 0.1070| 0.0140|-0.0270| 0.0200|219| 23.0| 4.0|802
 319.74580|+26.22948|HD 203030B | 0.1330| 0.0010| 0.0092| 0.0008|234| 25.8| 1.1|
 321.05776| +0.99992|SDSS J212413.89+010000.3 | 0.2020| 0.0140| 0.2870| 0.0140|210| 29.0| 4.0|1442
 322.68606| -8.75570|2MASSW J2130446-084520 | 0.3600| 0.0130|-0.0310| 0.0140|210| 43.0| 3.0|869
 323.04769|+13.69941|2MASS J21321145+1341584|-0.0550| 0.0090|-0.3950| 0.0090|237| 53.0| 8.0|795
 323.16816|+10.49706|SDSS J213240.36+102949.4 | 0.1200| 0.0180|-0.0070| 0.0190|219| 25.0| 6.0|
 323.46975|+10.31140|SDSS J213352.72+101841.0 |-0.0080| 0.0120|-0.0940| 0.0120|219| 25.0| 5.0|
 324.29352|+14.84654|2MASS J21371044+1450475|-0.1380| 0.0140|-0.1220| 0.0170|210| 20.0| 2.0|277
 324.40582| +8.14618|2MASS J21373742+0808463| 0.7050| 0.0210| 0.1020| 0.0190|210| 74.0|15.0|820
 324.86143| +2.33959|2MASS J21392676+0220226| 0.5070| 0.0220| 0.1230| 0.0220|219| 27.0| 1.0|585
 325.12212|+16.42171|2MASS J21402931+1625183|-0.0080| 0.0190|-0.1020| 0.0190|229| 12.0| 3.0|81
 325.19393| +1.21652|SDSS J214046.55+011259.7 |-0.0780| 0.0200|-0.1640| 0.0220|210| 38.0| 6.0|382
 325.52419|-31.02120|2MASS J21420580-3101162| 0.0600| 0.0120|-0.0950| 0.0140|219| 23.0| 3.0|883
 326.11871|+14.76877|HN Peg B | 0.2300| 0.0040|-0.1110| 0.0030|234| 22.1| 1.5|
 327.06793|+40.06645|2MASS J21481633+4003594| 0.7700| 0.0180| 0.4560| 0.0240|219| 30.0| 5.0|19
 327.56569|-75.34348|2MASS J21501592-7520367| 0.9800| 0.0480|-0.2810| 0.0140|216|125.0|18.0|462
 327.85609|-24.68334|2MASS J21512543-2441000| 0.2780| 0.0140|-0.0210| 0.0150|219| 55.0| 6.0|314
 327.91002|-48.89841|2MASS J21513839-4853542| 0.5200| 0.0700|-0.2200| 0.0400|218| 47.0| 8.0|1444
 328.10864| +9.63260|2MASS J21522609+0937575| 0.2940| 0.0190| 0.1700| 0.0170|210| 39.0| 8.0|458
 328.60398|-10.38393|2MASS J21542494-1023022| 0.1930| 0.0120| 0.0370| 0.0120|219| 30.0| 4.0|1382
 328.63823|+59.70517|2MASS J21543318+5942187|-0.1820| 0.0090|-0.4450| 0.0170|219| 23.0| 3.0|1446
 329.45432|-55.57833|2MASS J21574904-5534420| 0.0430| 0.0110|-0.0120| 0.0190|219|5.0| 1.0|466
 329.51903|-15.83605|2MASS J21580457-1550098| 0.0700| 0.0110|-0.0330| 0.0150|210|9.0| 2.0|69
 330.00841|-30.64243|2MASS J22000201-3038327| 0.3000| 0.1000|-0.1000| 0.1000|225| 44.0|17.0|
 330.00840|-30.64242|DENIS-P J220002.05-303832.9B | 0.2100| 0.0480|-0.0640| 0.0210|222| 37.0| 9.0|
 331.04403|-56.78276|eps Indi Ba| 3.9760| 0.0130|-2.5000| 0.0140|247| 80.9| 2.0|
 331.04403|-56.78276|eps Indi Bb| 3.9760| 0.0130|-2.5000| 0.0140|247| 80.9| 2.0|
 331.59501|-20.78496|2MASS J22062280-2047058| 0.0190| 0.0070|-0.0310| 0.0050|212|4.5| 0.6|
 331.68746|-42.28917|2MASSW J2206450-421721 | 0.1110| 0.0130|-0.1820| 0.0180|219| 45.0| 5.0|757
 332.05687|+29.35597|2MASSW J2208136+292121 | 0.1110| 0.0140|-0.0110| 0.0140|210| 27.0| 4.0|15
 333.02927|+34.50978|2MASS J22120703+3430351| 0.1600| 0.0230|-0.2320| 0.0280|219| 41.0|15.0|724
 333.43715|-21.60222|2MASS J22134491-2136079| 0.0600| 0.0110|-0.0630| 0.0170|210| 22.0| 5.0|443
 333.71137|-13.33317|2MASS J22145070-1319590| 0.2550| 0.0150|-0.2630| 0.0150|209| 55.0| 6.0|
 336.18269| -1.98143|2MASSW J2224438-015852 | 0.4570| 0.0020|-0.8710| 0.0010|215| 52.9| 0.7|441
 336.68501|-75.06181|2MASS J22264440-7503425| 0.0480| 0.0190| 0.0140| 0.0190|229|4.0| 2.0|93
 337.12039|-43.17404|2MASS J22282889-4310262| 0.0300| 0.0800|-0.3100| 0.0300|208| 15.0| 2.0|1384
 338.95459|+18.67497|2MASS J22354905+1840298| 0.3260| 0.0190| 0.0420| 0.0190|229| 34.0| 5.0|586
 339.38563|+39.37761|2MASS J22373255+3922398| 0.0220| 0.0020|-0.3410| 0.0020|234| 30.6| 1.1|175
 339.53107|+43.88826|2MASSI J2238074+435317 | 0.3240| 0.0120|-0.1320| 0.0160|219| 36.0| 3.0|173
 340.72169|+25.71590|2MASS J22425317+2542573| 0.4090| 0.0150|-0.0450| 0.0160|210| 52.0| 5.0|
 340.82067|-59.53900|2MASS J22431696-5932206|-0.0160| 0.0240|-0.2430| 0.0230|222| 34.0| 5.0|495
 341.13212|+20.72856|2MASSW J2244316+204343 | 0.2520| 0.0140|-0.2140| 0.0110|210| 30.0| 3.0|367
 342.47270| +0.73461|SDSSp J224953.45+004404.2| 0.0750| 0.0180| 0.0260| 0.0180|219| 21.0| 5.0|14
 343.00628|-18.26644|2MASS J22520151-1815594| 0.0810| 0.0150|-0.3820| 0.0160|209| 52.0| 4.0|
 343.04477|-17.50370|DENIS-P J225210.73-173013.4| 0.4050| 0.0200| 0.1540| 0.0200|210| 28.0| 7.0|622
 343.57887|+31.39725|2MASSI J2254188+312349 | 0.0680| 0.0150| 0.2010| 0.0110|210| 14.0| 2.0|767
 343.71642|-28.67370|2MASSI J2254519-284025 | 0.0080| 0.0190| 0.0520| 0.0300|210|7.0| 4.0|754
 343.82753|-57.21823|2MASS J22551861-5713056|-0.2160| 0.0110|-0.2600| 0.0200|219| 20.0| 2.0|233
 343.87112| -0.57602|SDSSp J225529.09-003433.4|-0.0360| 0.0010|-0.1760| 0.0030|244| 53.0| 9.0|
 344.80782| -0.86615|SDSS J225913.88-005158.2 | 0.0840| 0.0170| 0.0680| 0.0170|210| 33.0| 6.0|
 346.62233| -5.04142|2MASS J23062928-0502285| 0.9220| 0.0020|-0.4720| 0.0030|212| 59.5| 1.9|137
 347.57693|-17.98594|SSSPM J2310-1759 | 0.0240| 0.0170|-0.2460| 0.0130|231| 40.0| 5.0|301
 350.30233|-13.44119|2MASS J23211254-1326282| 0.5500| 0.0360|-0.1710| 0.0360|222| 87.0| 8.0|
 350.69531|-31.55647|2MASS J23224684-3133231|-0.2100| 0.0170|-0.5190| 0.0200|219| 62.0| 8.0|434
 351.43875|+42.86346|2MASS J23254530+4251488| 0.0000| 0.2200|-0.2800| 0.1000|236| 19.0| 7.0|55
 352.01912|-10.64590|SDSS J232804.58-103845.7 |-0.0100| 0.0150|-0.0370| 0.0150|219| 12.0| 5.0|
 352.59416| -3.78857|2MASS J23302258-0347189| 0.2320| 0.0170| 0.0320| 0.0140|210| 35.0| 5.0|421
 352.75684| -4.10544|2MASS J23310161-0406193| 0.4010| 0.0190|-0.2310| 0.0190|229| 58.0| 3.0|3
 352.84060|-27.83043|2MASS J23312174-2749500| 0.0770| 0.0020| 0.7600| 0.0010|212| 52.4| 1.6|
 352.84905|-47.30760|2MASS J23312378-4718274| 0.1040| 0.0130|-0.0490| 0.0190|219|7.0| 1.0|1448
 353.66422|+19.55107|2MASS J23343945+1933041|-0.2360| 0.0190|-0.1170| 0.0190|229| 26.0| 3.0|423
 354.18308|+21.89411|2MASS J23364395+2153388| 0.3790| 0.0190| 0.0240| 0.0190|229| 46.0| 6.0|427
 354.31221| -8.63566|2MASS J23371491-0838084| 0.2480| 0.0190| 0.0170| 0.0190|229| 24.0| 3.0|673
 354.79263|+13.87475|2MASSI J2339101+135230 | 0.3000| 0.1500|-0.7700| 0.1200|204| 73.0|13.0|1449
 356.02601| -7.55785|2MASS J23440624-0733282| 0.0210| 0.0170|-0.0510| 0.0080|210|5.0| 1.0|259
 356.41261| +0.92048|2MASS J23453903+0055137| 0.1010| 0.0190|-0.0340| 0.0140|210| 13.0| 2.0|525
 356.69170|+11.48596|2MASS J23464599+1129094|-0.4000| 0.0700|-0.0700| 0.0600|236| 36.0| 7.0|209
 356.72811|-31.89824|2MASS J23465471-3153532| 0.4600| 0.0300|-0.4580| 0.0300|216| 83.0| 9.0|49
 356.90353|+27.03524|2MASS J23473680+2702068| 0.3130| 0.0190| 0.0330| 0.0190|229| 33.0| 3.0|
 357.45413|+12.41065|2MASS J23494899+1224386| 0.0180| 0.0190|-0.2090| 0.0190|229| 20.0| 2.0|47
 357.96030|-25.62681|2MASS J23515044-2537367| 0.3870| 0.0210| 0.1630| 0.0090|217| 36.0| 4.0|166
 358.49755| -8.55864|2MASS J23535946-0833311|-0.6000| 0.2000| 0.0000| 0.2000|209| 61.0|22.0|182
 359.22802|-15.88667|2MASSI J2356547-155310 |-0.4430| 0.0020|-0.6000| 0.0020|244| 51.3| 2.6|611